1894
-0.448612 0.357414
-0.434047 0.351325
-0.442585 0.322767
-0.441926 0.27305
-0.438889 0.384622
-0.452668 0.301018
-0.453081 0.331263
-0.449792 0.401747
-0.454617 0.382401
-0.456697 0.357068
-0.418877 0.406154
-0.224046 0.424492
-0.426001 0.442692
-0.18803 0.411917
-0.213686 0.411336
-0.245114 0.408758
-0.412714 0.370102
-0.419912 0.30225
-0.455692 0.265063
-0.450517 -0.0213982
-0.448803 -0.00832726
-0.455484 -0.0150066
-0.456358 0.226969
-0.426177 0.192812
-0.447139 0.221642
-0.44972 0.000148408
-0.438692 0.435122
-0.439424 0.417605
-0.448714 0.43531
-0.458885 0.295068
-0.458863 0.317702
-0.458417 0.336196
-0.460974 0.354064
-0.454672 0.415989
-0.45989 0.40281
-0.461901 0.381718
-0.447415 0.441265
-0.438545 0.444829
-0.309125 0.407836
-0.372421 0.393445
-0.396608 0.421374
-0.419432 0.431284
-0.410331 0.445635
-0.274734 0.426201
-0.308088 0.436806
-0.244003 0.429558
-0.261029 0.438181
-0.228587 0.433597
-0.181302 0.427782
-0.201909 0.426227
-0.216214 0.433291
-0.170385 0.434373
-0.182338 0.436403
-0.163313 0.43998
-0.425353 0.449703
-0.411404 0.453974
-0.160513 0.419944
-0.142721 0.434717
-0.157086 0.396368
-0.198435 0.383512
-0.24879 0.374936
-0.388494 0.21913
-0.312916 0.353379
-0.37641 0.328131
-0.440097 0.00371249
-0.440686 -0.0173996
-0.455125 -0.0625512
-0.449642 -0.0406578
-0.400314 0.086129
-0.461681 -0.118638
-0.45886 -0.0954742
-0.462132 -0.0755491
-0.462247 -0.0579032
-0.459484 -0.0425039
-0.461546 0.210823
-0.461136 0.239502
-0.46206 0.281406
-0.462119 0.261371
-0.463193 0.185647
-0.457449 -0.0279063
-0.454976 -0.00516139
-0.460347 -0.0197375
-0.459864 -0.010125
-0.456853 0.182943
-0.42567 0.0318686
-0.431473 0.0898221
-0.445614 0.153342
-0.448768 0.00955059
-0.454506 0.00402226
-0.44321 0.0236164
-0.453114 0.0181711
-0.451847 0.427373
-0.455243 0.436857
-0.462897 0.307002
-0.462748 0.332498
-0.465107 0.360888
-0.46659 0.388727
-0.461467 0.420215
-0.465546 0.408887
-0.439224 0.450349
-0.453355 0.443265
-0.4482 0.44776
-0.30372 0.451971
-0.355901 0.432029
-0.391147 0.441559
-0.334137 0.449573
-0.396938 0.452836
-0.265209 0.447198
-0.281371 0.4449
-0.246978 0.441189
-0.237607 0.438642
-0.253494 0.447024
-0.261582 0.4522
-0.227171 0.440502
-0.193391 0.435507
-0.204672 0.43567
-0.214439 0.440482
-0.175076 0.442015
-0.187397 0.442666
-0.139794 0.448504
-0.167165 0.44661
-0.15705 0.445778
-0.426292 0.454951
-0.413973 0.459149
-0.400346 0.458948
-0.436777 0.456462
-0.119726 0.41067
-0.0880038 0.429157
-0.100821 0.448931
-0.128241 0.360594
-0.351282 0.124694
-0.203435 0.31672
-0.306895 0.250845
-0.425456 -0.00755823
-0.45565 -0.129773
-0.435909 -0.0448945
-0.447556 -0.0865652
-0.398173 0.00249298
-0.349396 0.0119458
-0.462723 -0.138228
-0.458462 -0.169894
-0.463977 -0.157734
-0.460554 -0.23055
-0.460873 -0.205911
-0.465183 -0.110609
-0.465753 -0.0882275
-0.466596 -0.0646925
-0.469242 -0.0776486
-0.463671 -0.0348424
-0.465427 -0.0470019
-0.465982 0.295289
-0.463456 0.136093
-0.462999 0.160815
-0.464948 0.227308
-0.4659 0.203136
-0.465987 0.24887
-0.466344 0.273627
-0.467346 0.177702
-0.464352 -0.0260886
-0.459471 -1.7931e-05
-0.464836 -0.0156526
-0.464377 -0.00566729
-0.457623 0.131952
-0.445831 0.0530675
-0.44933 0.0971767
-0.463994 0.112164
-0.45772 0.010412
-0.457113 0.0420472
-0.454953 0.0298032
-0.459537 0.0195559
-0.460955 0.430309
-0.461469 0.436552
-0.458966 0.44194
-0.467568 0.319479
-0.466828 0.342528
-0.470136 0.375989
-0.470899 0.402922
-0.466548 0.42488
-0.470636 0.418814
-0.445922 0.454627
-0.46126 0.446467
-0.455642 0.448359
-0.452935 0.45327
-0.320956 0.459864
-0.284592 0.456125
-0.299418 0.460492
-0.364718 0.451744
-0.381064 0.456576
-0.376916 0.463475
-0.346186 0.460927
-0.390204 0.462348
-0.271448 0.45505
-0.239642 0.446529
-0.250864 0.452897
-0.261253 0.457197
-0.134036 0.455512
-0.222755 0.447119
-0.202972 0.443608
-0.176795 0.448887
-0.191149 0.449482
-0.138613 0.460871
-0.151961 0.454394
-0.16414 0.452427
-0.425016 0.461704
-0.405601 0.464139
-0.430374 0.466275
-0.440356 0.461801
-0.0825804 0.459478
-0.0850543 0.465308
-0.0330551 0.456688
0.038217 0.458854
-0.0518173 0.386459
-0.0214788 0.424463
0.0390877 0.405656
-0.0307763 0.443571
0.0334715 0.449494
-0.103781 0.464319
-0.115349 0.460303
-0.0334954 0.302251
-0.27051 0.0890416
-0.161389 0.200279
-0.41285 -0.0505266
-0.45477 -0.209272
-0.446881 -0.16016
-0.431643 -0.109631
-0.37178 -0.0745922
-0.294534 -0.0968025
-0.457028 -0.251927
-0.467103 -0.132379
-0.46382 -0.182859
-0.464559 -0.205274
-0.4677 -0.164968
-0.463438 -0.253539
-0.464989 -0.228521
-0.469698 -0.101037
-0.469331 -0.0485575
-0.471039 -0.0610136
-0.473457 -0.0740985
-0.468995 -0.0348206
-0.470394 0.292186
-0.467745 0.141722
-0.469435 0.217515
-0.470498 0.25539
-0.471442 0.171548
-0.469423 -0.0222952
-0.463858 0.00511963
-0.470281 -0.010781
-0.468741 -0.0013752
-0.45933 0.0882831
-0.458351 0.0625343
-0.465513 0.0868505
-0.468571 0.108548
-0.464417 0.0481475
-0.464395 0.0145489
-0.464148 0.0351518
-0.464122 0.0251719
-0.466781 0.433704
-0.465606 0.440857
-0.465526 0.447856
-0.472314 0.326374
-0.471121 0.35063
-0.4758 0.410031
-0.47495 0.383786
-0.475423 0.425216
-0.471433 0.42983
-0.449947 0.459349
-0.447936 0.46447
-0.459875 0.45317
-0.456235 0.45864
-0.275356 0.461433
-0.333912 0.466347
-0.319418 0.466857
-0.307213 0.465518
-0.279279 0.466211
-0.29417 0.465997
-0.286114 0.463466
-0.365387 0.464328
-0.380408 0.467869
-0.351316 0.469457
-0.393946 0.468996
-0.265045 0.462225
-0.238775 0.45326
-0.225336 0.453913
-0.251986 0.460066
-0.129434 0.463899
-0.139643 0.464978
-0.208886 0.452264
-0.175822 0.45556
-0.192541 0.455536
-0.148772 0.461786
-0.160658 0.45907
-0.412923 0.469385
-0.428636 0.471505
-0.44196 0.469084
-0.0327975 0.463776
-0.0592204 0.46408
-0.100589 0.468764
-0.0735249 0.468846
0.0490605 0.465373
0.002939 0.464201
0.100786 0.453153
0.0806622 0.46116
0.152071 0.457023
0.165709 0.283793
0.107478 0.365051
0.15405 0.41235
0.078435 0.434853
0.16125 0.446514
-0.120691 0.468446
-0.111211 0.472648
0.311155 0.280433
0.385314 0.245197
0.0393024 0.15443
-0.131713 -0.0190497
0.226552 0.152179
0.416763 0.308222
0.43959 0.144951
0.425415 0.203248
-0.225497 -0.200375
-0.0598528 -0.209823
-0.406099 -0.15321
-0.445496 -0.2345
-0.42895 -0.215855
-0.45188 -0.288207
-0.366583 -0.203417
-0.30592 -0.254659
-0.459478 -0.318357
-0.463971 -0.362381
-0.463633 -0.288903
-0.471141 -0.134757
-0.468356 -0.20422
-0.471551 -0.175332
-0.469143 -0.253532
-0.473865 -0.104735
-0.474 -0.0461898
-0.476735 -0.0814943
-0.477746 -0.0576078
-0.474124 -0.029418
-0.474712 0.305514
-0.474564 0.260734
-0.47286 0.122025
-0.474465 0.213282
-0.475829 0.155992
-0.474567 -0.0171409
-0.469872 0.00863465
-0.476822 -0.00698808
-0.473709 0.000707152
-0.466593 0.0644644
-0.470558 0.082391
-0.470203 0.0435152
-0.470512 0.019423
-0.470168 0.0296758
-0.475322 0.0852733
-0.47153 0.437954
-0.470129 0.446007
-0.465677 0.454078
-0.480165 0.419695
-0.477131 0.350188
-0.480344 0.392229
-0.47722 0.433988
-0.45358 0.465552
-0.460682 0.461724
-0.271885 0.467793
-0.331013 0.472228
-0.311398 0.471841
-0.298155 0.47063
-0.284693 0.470322
-0.345692 0.477365
-0.37227 0.473149
-0.394365 0.475146
-0.261176 0.468545
-0.238196 0.460108
-0.222914 0.460096
-0.249247 0.466139
-0.135725 0.470023
-0.146729 0.469128
-0.206087 0.460499
-0.169093 0.46206
-0.185863 0.461333
-0.158538 0.46702
-0.413086 0.476545
-0.431982 0.47642
-0.451168 0.472358
-0.442967 0.475251
-0.406866 0.482363
-0.0304001 0.468532
-0.0888427 0.47341
-0.0593981 0.472247
0.0840166 0.465742
0.071718 0.469221
0.0274923 0.470076
0.128598 0.461128
0.106315 0.463049
0.149343 0.463832
0.192178 0.458073
0.190224 0.464627
0.170142 0.463788
0.273521 0.353108
0.368284 0.345999
0.257485 0.399437
0.219037 0.432347
0.235609 0.45831
0.231593 0.449787
0.411206 0.37036
-0.12841 0.47518
-0.112221 0.477364
0.335715 0.152808
0.393713 0.112936
0.112096 -0.0486972
0.284959 0.00886571
0.43548 0.363583
0.450064 -0.000729172
0.452186 0.00583098
0.430826 0.0115557
0.41316 0.0386305
0.429598 0.0845882
0.442455 0.292569
0.451678 0.341885
0.448187 0.107305
0.451706 0.262803
0.448238 0.19701
0.117905 -0.232812
-0.176541 -0.305298
0.0194854 -0.336386
-0.466832 -0.372223
-0.462744 -0.377754
-0.462263 -0.387997
-0.459404 -0.397736
-0.458317 -0.369285
-0.459243 -0.347639
-0.403543 -0.293373
-0.448435 -0.335806
-0.434785 -0.297938
-0.343539 -0.321426
-0.266519 -0.349437
-0.466286 -0.327508
-0.466346 -0.347025
-0.469284 -0.358221
-0.470934 -0.303194
-0.474603 -0.265783
-0.475149 -0.148283
-0.474616 -0.208114
-0.478216 -0.111293
-0.479124 -0.0367045
-0.480624 -0.0812909
-0.482435 -0.0545361
-0.479125 -0.022813
-0.480017 0.311237
-0.477547 0.282413
-0.479453 0.245137
-0.4789 0.112082
-0.479532 0.177096
-0.480356 -0.0124611
-0.47593 0.0131819
-0.47931 0.00389966
-0.474735 0.0556586
-0.476215 0.0293552
-0.480334 0.0669338
-0.46657 0.460563
-0.475414 0.444288
-0.471763 0.453403
-0.483064 0.430558
-0.485183 0.415487
-0.48514 0.395226
-0.483699 0.361286
-0.480848 0.441943
-0.458785 0.469839
-0.465252 0.467908
-0.274183 0.473665
-0.315753 0.47731
-0.292274 0.475914
-0.263349 0.476269
-0.321631 0.482552
-0.345513 0.483922
-0.389613 0.481737
-0.38825 0.486833
-0.371361 0.480448
-0.218636 0.467675
-0.250385 0.472927
-0.236029 0.467098
-0.140095 0.475911
-0.151378 0.474387
-0.194676 0.467378
-0.174221 0.467371
-0.163438 0.4728
-0.199622 0.473551
-0.422432 0.481977
-0.456454 0.476825
-0.43678 0.482292
-0.448406 0.47981
-0.407006 0.48789
0.440701 0.401215
-0.0914804 0.477998
-0.0191798 0.473603
-0.058669 0.476603
0.0301124 0.47529
0.102192 0.469226
0.0776209 0.473228
0.126704 0.467604
0.152244 0.469201
0.213591 0.463319
0.236063 0.462752
0.209942 0.467652
0.181847 0.46864
0.260548 0.462345
0.280593 0.462199
0.395619 0.401644
0.346908 0.396406
0.314366 0.425748
0.28926 0.444818
0.281544 0.456532
0.425618 0.410893
0.411235 0.428515
-0.103446 0.482648
-0.127039 0.481569
0.366936 0.0181392
0.407287 -0.00662067
0.342493 -0.0916613
0.271463 -0.183284
0.434252 -0.0151229
0.451044 0.378036
0.449564 0.406722
0.454756 -0.00231763
0.446732 -0.0092785
0.452878 -0.00947571
0.445892 -0.0266305
0.454377 -0.035949
0.459124 -0.0507213
0.456771 0.00458746
0.445661 0.00857794
0.454622 0.0119078
0.441265 0.0334686
0.448091 0.0598951
0.459306 0.358801
0.45948 0.377347
0.461169 0.334606
0.457898 0.29686
0.456802 0.0887303
0.456814 0.134876
0.46125 0.155896
0.458102 0.189592
0.45739 0.23673
0.46173 0.25101
0.195101 -0.314506
-0.137435 -0.375221
0.289386 -0.322923
-0.22978 -0.401964
-0.0164927 -0.401827
0.185735 -0.388691
-0.460005 -0.409971
-0.466416 -0.38593
-0.47017 -0.376914
-0.464107 -0.397173
-0.45642 -0.388303
-0.455032 -0.40817
-0.448293 -0.374294
-0.384789 -0.358052
-0.427984 -0.360153
-0.335379 -0.388719
-0.472576 -0.337701
-0.473608 -0.359574
-0.477363 -0.311461
-0.479549 -0.260412
-0.480224 -0.207111
-0.479457 -0.157516
-0.482832 -0.118194
-0.484106 -0.0323628
-0.485029 -0.0787954
-0.487008 -0.0520949
-0.484594 -0.0177787
-0.483868 0.0874255
-0.485033 0.321236
-0.483494 0.211701
-0.484332 0.271961
-0.486821 0.17496
-0.484159 0.13558
-0.483805 -0.00257327
-0.482498 0.0155545
-0.481518 0.0373691
-0.486246 0.0511845
-0.472482 0.461876
-0.477796 0.452931
-0.486497 0.437373
-0.489063 0.424414
-0.489742 0.399688
-0.489719 0.354921
-0.484053 0.450058
-0.463586 0.476257
-0.471647 0.470421
-0.277089 0.480179
-0.295697 0.482241
-0.253952 0.480579
-0.26737 0.483525
-0.314669 0.487569
-0.385045 0.491579
-0.357707 0.488392
-0.220185 0.474469
-0.236808 0.474898
-0.244397 0.482888
-0.144114 0.481129
-0.205382 0.480289
-0.157586 0.479897
-0.176474 0.474738
-0.182807 0.480421
-0.42287 0.487947
-0.434995 0.488649
-0.455398 0.483795
-0.446177 0.486866
-0.406661 0.493834
0.439696 0.427665
-0.0663802 0.481278
-0.0108987 0.479477
0.0634548 0.478635
0.1211 0.47506
0.167587 0.473282
0.159917 0.477842
0.243574 0.466441
0.235522 0.470672
0.205028 0.47226
0.280611 0.466025
0.298454 0.462148
0.341076 0.443322
0.375223 0.429991
0.314688 0.459704
0.333787 0.458524
0.326436 0.453422
0.402252 0.445088
0.425557 0.441599
0.437274 0.459276
-0.0804149 0.485877
-0.134352 0.486503
-0.112366 0.488184
0.395017 -0.0797073
0.420479 -0.0473421
0.359867 -0.282181
0.379567 -0.19256
0.454559 -0.0722935
0.442277 -0.0581761
0.462383 -0.0714615
0.466446 -0.0716602
0.449718 0.425088
0.457147 0.394089
0.462103 0.387899
0.455452 0.409542
0.460095 -0.000654191
0.457754 -0.0093926
0.459121 -0.0254991
0.454164 -0.0193508
0.46607 -0.0584237
0.461881 -0.0336446
0.466341 -0.0476525
0.465009 -0.0395129
0.460544 0.0103181
0.454931 0.0214475
0.456489 0.0383465
0.462542 0.075232
0.458906 0.0587801
0.46495 0.350063
0.464428 0.36475
0.46401 0.377076
0.466678 0.336105
0.465185 0.314705
0.463753 0.284309
0.463715 0.177761
0.462335 0.105151
0.463371 0.134028
0.465721 0.0858586
0.46628 0.146642
0.463208 0.216559
0.465465 0.251183
-0.278701 -0.42344
0.400415 -0.345445
0.310487 -0.389314
0.358251 -0.36167
0.298823 -0.422262
-0.123513 -0.430418
0.065345 -0.426047
0.199008 -0.431306
-0.474622 -0.375726
-0.474746 -0.390156
-0.455509 -0.423897
-0.465241 -0.408765
-0.460607 -0.425244
-0.469789 -0.395636
-0.423163 -0.403761
-0.4487 -0.407512
-0.450341 -0.426321
-0.438636 -0.404481
-0.395983 -0.395221
-0.35994 -0.418854
-0.478537 -0.347905
-0.482957 -0.310134
-0.487243 -0.110197
-0.484748 -0.247941
-0.485017 -0.172466
-0.489403 -0.0338196
-0.490395 -0.0725582
-0.489396 -0.0157234
-0.489219 -0.00361743
-0.488621 0.0873523
-0.490156 0.287315
-0.48895 0.224154
-0.490125 0.13895
-0.48906 0.00709099
-0.48824 0.0249152
-0.491625 0.0500751
-0.479572 0.462474
-0.489728 0.441453
-0.48993 0.448982
-0.49374 0.432068
-0.494369 0.418131
-0.494713 0.394865
-0.495026 0.343501
-0.487123 0.458148
-0.477444 0.473569
-0.462428 0.484819
-0.470549 0.479774
-0.283631 0.487914
-0.262769 0.488623
-0.314209 0.493142
-0.384487 0.496101
-0.352336 0.494909
-0.248238 0.488771
-0.229092 0.48186
-0.215196 0.486659
-0.146063 0.487314
-0.186925 0.48729
-0.156002 0.487603
-0.167547 0.483628
-0.423501 0.494169
-0.439115 0.493718
-0.453448 0.492417
-0.41123 0.5
-0.390068 0.5
0.445138 0.440564
0.439083 0.448574
0.451141 0.438788
0.443982 0.459117
-0.0310078 0.48525
0.0403942 0.484313
0.0995589 0.481922
0.147764 0.482446
0.195954 0.480863
0.204233 0.476521
0.270212 0.47057
0.252952 0.475083
0.30014 0.469554
0.314612 0.46545
0.374084 0.451313
0.336534 0.462632
0.354876 0.458886
0.411347 0.456577
0.428669 0.45678
0.432709 0.465665
0.439634 0.46693
-0.0606136 0.490445
-0.107202 0.493777
-0.131803 0.493223
0.425376 -0.132263
0.419328 -0.260931
0.459674 -0.0964562
0.447539 -0.110984
0.464935 -0.100604
0.466505 -0.0869934
0.469552 -0.0711735
0.462188 -0.118749
0.456334 0.422685
0.465916 0.387118
0.461343 0.402169
0.465001 0.0022378
0.463727 -0.0227884
0.463073 -0.00746888
0.460509 -0.0160701
0.471238 -0.0525171
0.467036 -0.0296393
0.470068 -0.0374768
0.463622 0.0473738
0.464509 0.035236
0.466766 0.0129635
0.462588 0.0191993
0.461561 0.0274873
0.466456 0.063348
0.46897 0.352671
0.4681 0.372053
0.470189 0.323442
0.468324 0.284599
0.46706 0.186934
0.469005 0.0885543
0.467001 0.11412
0.46946 0.145958
0.468443 0.231264
-0.251636 -0.440936
-0.331971 -0.438599
-0.088125 -0.449207
-0.181462 -0.448286
0.439028 -0.310355
0.40614 -0.392602
0.430573 -0.36169
0.274392 -0.446085
0.320697 -0.441606
0.369724 -0.409911
0.353584 -0.432952
0.00178915 -0.444946
0.100249 -0.445583
0.196143 -0.450035
-0.479356 -0.377313
-0.474981 -0.404224
-0.4541 -0.438413
-0.459885 -0.43929
-0.467119 -0.421793
-0.472157 -0.424113
-0.448101 -0.442752
-0.412422 -0.426069
-0.430597 -0.429724
-0.442511 -0.430868
-0.442049 -0.446827
-0.388424 -0.434067
-0.484224 -0.348702
-0.488343 -0.301031
-0.49049 -0.13778
-0.494723 -0.0872452
-0.490029 -0.223508
-0.494518 -0.0395569
-0.494458 -0.00888468
-0.495221 0.27089
-0.494165 0.102008
-0.494319 0.189156
-0.494841 0.0179899
-0.496094 0.0539854
-0.5 0.0134427
-0.484854 0.469257
-0.495238 0.441468
-0.494365 0.451195
-0.5 0.433434
-0.5 0.421256
-0.5 0.400046
-0.5 0.354832
-0.5 0.285702
-0.492768 0.461451
-0.479811 0.483316
-0.468077 0.490284
-0.281172 0.494471
-0.258744 0.494567
-0.31022 0.5
-0.358158 0.5
-0.236847 0.491291
-0.211206 0.493436
-0.147264 0.494094
-0.18244 0.493858
-0.163288 0.492572
-0.427485 0.5
-0.440437 0.5
-0.451045 0.5
-0.463013 0.5
-0.403694 0.506923
-0.360595 0.507451
-0.467614 0.510921
0.446282 0.466681
0.449334 0.450953
0.456799 0.439463
0.451423 0.460823
0.0271816 0.489896
0.120868 0.487848
0.204427 0.485069
0.244706 0.480205
0.289792 0.479268
0.303162 0.474397
0.328931 0.470992
0.340962 0.467348
0.387401 0.4614
0.364258 0.465492
0.410908 0.466136
0.423784 0.466374
0.432721 0.472306
0.443571 0.473646
-0.135068 0.5
-0.0058807 0.494946
-0.0745374 0.495617
-0.11234 0.5
0.44427 -0.186197
0.447205 -0.263533
0.456478 -0.139505
0.457637 -0.175429
0.473033 -0.0727185
0.467867 -0.112129
0.47064 -0.0949292
0.464682 -0.135737
0.462171 0.419155
0.470411 0.383593
0.466797 0.399928
0.460863 0.445145
0.464219 0.432562
0.469989 0.00359916
0.468705 -0.0207332
0.468644 -0.00591559
0.466237 -0.0140728
0.471875 0.0125245
0.475899 -0.0599022
0.475314 -0.0369721
0.472387 -0.0255039
0.468947 0.0452455
0.468445 0.0265031
0.472041 0.0735468
0.47535 0.376852
0.473367 0.344775
0.472953 0.364958
0.474656 0.321023
0.472628 0.277243
0.471173 0.182382
0.471832 0.120766
0.472986 0.222966
-0.364434 -0.446226
0.0812645 -0.455626
0.458231 -0.259035
0.207809 -0.459773
-0.254364 -0.452323
-0.303785 -0.449503
-0.173996 -0.457424
-0.133262 -0.457725
-0.339478 -0.452718
-0.0193885 -0.457391
-0.0809424 -0.459467
-0.218524 -0.45742
0.281895 -0.455823
0.247481 -0.456853
0.308735 -0.456035
0.408583 -0.423722
0.457736 -0.303301
0.449849 -0.33964
0.431798 -0.404813
0.446897 -0.388297
0.325154 -0.452004
0.351938 -0.447835
0.38219 -0.43906
0.0455439 -0.457547
0.170534 -0.458488
0.126097 -0.455807
-0.477634 -0.421193
-0.484481 -0.377523
-0.481242 -0.397865
-0.483647 -0.409823
-0.453659 -0.451003
-0.459861 -0.45134
-0.464444 -0.442328
-0.469036 -0.439207
-0.474702 -0.436977
-0.446395 -0.454282
-0.41773 -0.44541
-0.433917 -0.445154
-0.438811 -0.455754
-0.394201 -0.451507
-0.489589 -0.350751
-0.493651 -0.303314
-0.5 -0.0764944
-0.49527 -0.158698
-0.5 -0.147466
-0.495368 -0.24596
-0.5 -0.0315812
-0.5 -0.00553197
-0.5 0.194113
-0.505669 0.202576
-0.5 0.102039
-0.5 0.0457354
-0.5054 0.0254268
-0.490941 0.474258
-0.5 0.452219
-0.5 0.443364
-0.506457 0.4265
-0.506962 0.399319
-0.507609 0.356118
-0.506419 0.29183
-0.5 0.463406
-0.489088 0.489694
-0.479322 0.5
-0.255486 0.5
-0.27523 0.5
-0.306682 0.506332
-0.217113 0.5
-0.238426 0.5
-0.185548 0.5
-0.149919 0.5
-0.164543 0.5
-0.431569 0.509312
-0.449484 0.511665
-0.410144 0.517309
-0.372318 0.517341
-0.311937 0.51627
-0.482931 0.521253
-0.456725 0.527312
0.452457 0.468294
0.457321 0.453834
0.457986 0.461705
0.464031 0.451689
0.456753 0.471511
0.102131 0.494141
0.200728 0.489742
0.202979 0.494786
0.32696 0.478945
0.318331 0.483313
0.271636 0.485091
0.435047 0.477884
0.348426 0.4763
0.365274 0.471968
0.395177 0.47005
0.419714 0.475364
0.451433 0.476105
0.443591 0.481182
-0.128489 0.506636
-0.0878054 0.505828
0.0137578 0.5
-0.0674751 0.5
0.458162 -0.219466
0.464939 -0.158931
0.464466 -0.188287
0.474943 -0.0966226
0.470583 -0.133392
0.468602 0.41517
0.471912 0.396771
0.470188 0.450289
0.467533 0.441725
0.471057 0.429222
0.476251 0.393101
0.474549 0.021882
0.473973 -0.00118951
0.472733 -0.0130418
0.476855 0.00808588
0.479242 -0.0735651
0.480197 -0.047873
0.480289 -0.029119
0.47729 -0.0198167
0.479545 0.37451
0.475895 0.109831
0.474044 0.042302
0.476994 0.0716927
0.478052 0.345267
0.478034 0.299238
0.482266 0.351224
0.476778 0.240178
0.475614 0.169366
-0.368276 -0.45586
0.0886966 -0.46118
-0.192423 -0.461665
0.297751 -0.46024
0.372804 -0.451352
0.4637 -0.28555
0.463366 -0.254361
0.464843 -0.313884
0.241138 -0.462662
0.177545 -0.463537
0.207288 -0.464635
-0.33393 -0.458609
-0.315649 -0.457089
-0.257778 -0.459303
-0.287464 -0.457046
-0.160734 -0.462738
-0.135494 -0.463785
-0.111247 -0.463193
0.456023 -0.369355
-0.35452 -0.460082
0.037986 -0.464043
0.00810362 -0.46341
-0.0828917 -0.465159
-0.0377454 -0.464886
-0.208553 -0.464042
-0.233709 -0.462381
0.332091 -0.458342
0.276288 -0.461927
0.321664 -0.462145
0.405938 -0.444599
0.434588 -0.425258
0.423503 -0.439177
0.457142 -0.392361
0.460867 -0.341713
0.456998 -0.406233
0.44818 -0.413922
0.350985 -0.456654
0.393304 -0.454583
0.0617495 -0.465027
0.136375 -0.463791
-0.482562 -0.426959
-0.488469 -0.387369
-0.489026 -0.40976
-0.452084 -0.460167
-0.459319 -0.458991
-0.466502 -0.453526
-0.473266 -0.448887
-0.48013 -0.440034
-0.412596 -0.45815
-0.44477 -0.462213
-0.450502 -0.46732
-0.428904 -0.457598
-0.43812 -0.463322
-0.386094 -0.461697
-0.494607 -0.357031
-0.5 -0.311894
-0.505436 -0.0774005
-0.505191 -0.16007
-0.5 -0.235937
-0.50891 -0.0247927
-0.515651 0.206262
-0.507888 0.101985
-0.515308 0.0262812
-0.5 0.47915
-0.509452 0.440786
-0.516734 0.378372
-0.516889 0.412229
-0.517046 0.317406
-0.513485 0.456581
-0.5 0.5
-0.257431 0.511033
-0.213365 0.507361
-0.174179 0.510672
-0.138349 0.512207
-0.336806 0.529939
-0.428401 0.529008
-0.389677 0.532493
-0.268116 0.529305
-0.497772 0.539303
-0.44638 0.552556
0.46163 0.466451
0.465061 0.458885
0.47199 0.457656
0.461338 0.473793
0.118513 0.5
0.210727 0.5
0.279982 0.495318
0.279847 0.490443
0.296759 0.5
0.360204 0.482946
0.331481 0.488147
0.432942 0.484133
0.392053 0.479177
0.417835 0.483087
0.452861 0.481743
0.444376 0.487485
-0.0720415 0.514858
0.00789768 0.50637
0.466797 -0.213853
0.465903 -0.238578
0.471083 -0.181192
0.47988 -0.103627
0.476107 -0.142358
0.476566 0.449372
0.474894 0.41118
0.476628 0.426357
0.474679 0.439599
0.480374 0.393873
0.478513 0.0295182
0.480292 0.0176561
0.478903 -0.00668835
0.481473 0.00520697
0.484957 -0.0389603
0.48387 -0.0677999
0.483708 -0.0175769
0.484241 0.375315
0.486585 0.346239
0.479648 0.142738
0.480439 0.101694
0.48005 0.0497505
0.482121 0.0783356
0.481352 0.264896
0.483438 0.311531
0.480537 0.199515
0.096612 -0.466317
-0.181428 -0.465197
0.302577 -0.463558
0.372133 -0.458128
0.468329 -0.275109
0.466429 -0.334171
0.469097 -0.313317
0.264024 -0.465295
0.230941 -0.467238
0.18155 -0.467426
0.418642 -0.450845
-0.338614 -0.462632
-0.319955 -0.462087
-0.300276 -0.46104
-0.257422 -0.463365
-0.280782 -0.462638
-0.155095 -0.466652
-0.114551 -0.467391
0.462313 -0.38394
0.463127 -0.366094
-0.358173 -0.465556
0.0144053 -0.468456
-0.0567757 -0.469442
-0.191381 -0.468204
-0.229733 -0.466287
0.345605 -0.462073
0.287951 -0.46654
0.33861 -0.465975
0.31698 -0.467656
0.409347 -0.456729
0.448896 -0.430111
0.436737 -0.439472
0.430348 -0.450272
0.463914 -0.397995
0.463679 -0.411184
0.467235 -0.35287
0.458827 -0.421281
0.366899 -0.462473
0.387513 -0.461865
0.403881 -0.462342
0.0688853 -0.471127
0.14023 -0.470743
-0.488098 -0.429129
-0.494363 -0.389371
-0.494345 -0.410837
-0.458131 -0.466124
-0.465861 -0.463281
-0.473124 -0.458499
-0.479869 -0.45158
-0.486365 -0.443741
-0.456354 -0.472534
-0.449473 -0.47441
-0.408465 -0.464975
-0.422739 -0.465733
-0.442551 -0.469998
-0.433619 -0.466906
-0.387775 -0.468681
-0.5 -0.363369
-0.506 -0.301651
-0.514322 -0.105486
-0.510776 -0.217783
-0.53058 0.28426
-0.52354 -0.042523
-0.53173 0.171124
-0.52311 0.0866334
-0.53345 0.0187593
-0.521831 0.48015
-0.527338 0.420616
-0.531427 0.373775
-0.5338 0.443504
-0.548736 0.341929
-0.549547 0.494931
-0.0564058 0.52723
-0.202321 0.523697
-0.131496 0.527205
-0.320861 0.55033
-0.385106 0.555549
-0.22694 0.549623
-0.535592 0.558895
-0.467009 0.589605
-0.390047 0.589068
0.461175 0.480054
0.469569 0.465265
0.477268 0.458205
0.469442 0.472287
0.227764 0.505356
0.130623 0.506917
0.305171 0.505215
0.342236 0.494455
0.357708 0.5
0.379317 0.489568
0.435586 0.492592
0.425358 0.490685
0.409617 0.49029
0.445174 0.5
0.453265 0.488042
0.445831 0.493868
0.46113 0.485847
0.0681497 0.51699
0.0459136 0.531554
0.472973 -0.24286
0.484888 -0.0994078
0.477749 -0.19681
0.482228 -0.147431
0.482435 0.44976
0.481456 0.439883
0.481122 0.410159
0.481597 0.427665
0.485866 0.391968
0.483097 0.45752
0.483967 0.033323
0.485184 0.0148471
0.485011 -0.00218121
0.489182 -0.0295041
0.489166 -0.0629268
0.489544 -0.0128614
0.490097 -0.000426174
0.489919 0.362429
0.488746 0.308308
0.484288 0.139678
0.485692 0.0714454
0.48568 0.234309
0.472969 -0.302835
0.470399 -0.334233
0.25996 -0.469696
0.208242 -0.471161
0.422565 -0.457314
-0.329993 -0.466583
-0.305535 -0.464986
-0.289248 -0.466946
-0.262364 -0.466834
-0.151339 -0.47008
-0.109178 -0.471054
0.468164 -0.377874
0.466255 -0.418206
-0.352973 -0.470813
0.476712 -0.29775
0.451445 -0.438174
0.459303 -0.432227
-0.0723892 -0.473651
-0.00645224 -0.473736
0.052705 -0.476182
-0.182679 -0.472296
-0.231119 -0.470289
0.36345 -0.466623
0.191077 -0.475549
0.289517 -0.471026
0.348662 -0.470389
0.321228 -0.472575
0.416793 -0.462538
0.438722 -0.447528
0.44501 -0.442113
0.429701 -0.458145
0.439695 -0.452205
0.434991 -0.455376
0.469425 -0.40307
0.473507 -0.347064
0.46642 -0.42693
0.389938 -0.466691
0.411374 -0.467208
0.118419 -0.476922
-0.494342 -0.425771
-0.493235 -0.437658
-0.5 -0.392684
-0.5 -0.412934
-0.463862 -0.471934
-0.493026 -0.448358
-0.472276 -0.467359
-0.479536 -0.461365
-0.486497 -0.454653
-0.456465 -0.478824
-0.44899 -0.481358
-0.442487 -0.477912
-0.414696 -0.471254
-0.428156 -0.470978
-0.435352 -0.474732
-0.377415 -0.476269
-0.404512 -0.474734
-0.50892 -0.358309
-0.517073 -0.290317
-0.531504 -0.27434
-0.527239 -0.161543
-0.553649 0.236553
-0.548182 -0.0496326
-0.552753 0.0784583
-0.561302 0.443716
-0.557707 0.396288
-0.581412 0.316492
-0.685544 0.5503
-0.611544 0.506111
-0.0479761 0.548699
-0.139867 0.550138
-0.287246 0.58233
-0.167759 0.576704
-0.547619 0.618108
-0.635329 0.692193
-0.419313 0.646366
-0.310678 0.623052
0.469367 0.478859
0.478228 0.465043
0.476565 0.472505
0.236346 0.514218
0.435137 0.5
0.356873 0.509207
0.401372 0.5
0.422192 0.5
0.442331 0.506724
0.453447 0.5
0.458136 0.493006
0.468445 0.485338
0.208957 0.529181
0.12228 0.552477
0.480495 -0.266535
0.488712 -0.127491
0.483942 -0.198902
0.488345 0.450411
0.487646 0.44085
0.487493 0.428346
0.487046 0.411165
0.491109 0.39151
0.487388 0.459281
0.493897 0.451954
0.489163 0.0345929
0.489615 0.0120635
0.494342 -0.0327851
0.493886 -0.0720973
0.494963 -0.0081801
0.494911 0.00700751
0.490152 0.0731343
0.493748 0.319182
0.495266 0.36152
0.490865 0.247768
0.489235 0.145763
0.248396 -0.474327
0.424521 -0.462368
-0.216828 -0.473677
-0.315072 -0.470355
-0.276215 -0.470825
-0.135369 -0.474255
0.47358 -0.383176
0.471517 -0.419454
-0.339361 -0.47591
0.181688 -0.480089
0.479514 -0.328969
0.450648 -0.444673
0.0593221 -0.481025
0.456085 -0.440738
0.46668 -0.433656
0.461262 -0.437926
-0.0757622 -0.477298
-0.0116417 -0.47921
-0.187485 -0.47657
-0.250193 -0.475166
0.379638 -0.471464
0.243909 -0.479027
0.286443 -0.475691
0.318466 -0.476939
0.35644 -0.475487
0.429642 -0.463189
0.42478 -0.467076
0.446257 -0.448844
0.445201 -0.453733
0.435144 -0.460288
0.440732 -0.457175
0.475585 -0.406955
0.478575 -0.364793
0.472997 -0.430546
0.403712 -0.471981
0.419107 -0.471967
0.130454 -0.484092
-0.5 -0.428619
-0.5 -0.441187
-0.507774 -0.417661
-0.509575 -0.393686
-0.5 -0.451564
-0.462638 -0.480312
-0.47044 -0.475864
-0.49269 -0.459248
-0.479168 -0.470759
-0.485533 -0.46413
-0.444122 -0.486068
-0.454377 -0.486339
-0.434842 -0.482795
-0.423792 -0.477561
-0.364285 -0.483083
-0.406573 -0.481709
-0.525163 -0.358444
-0.548736 -0.316221
-0.553051 -0.191025
-0.58556 0.140758
-0.581408 -0.0860804
-0.629999 0.231707
-0.617618 0.379503
-0.820329 0.609796
-1 0.664728
-0.824779 0.416659
-0.703331 0.381876
-0.00345905 0.582825
-0.149541 0.624666
-1 1
-0.650832 0.822371
-0.467927 0.723122
-0.274799 0.688046
0.479042 0.478531
0.484455 0.468003
0.353369 0.524158
0.414329 0.513884
0.445167 0.515085
0.464246 0.5
0.473591 0.490102
0.3223 0.549654
0.232979 0.581583
0.485796 -0.259565
0.484848 -0.314882
0.494676 -0.130269
0.489771 -0.202018
0.493628 0.430812
0.493869 0.442452
0.493375 0.414056
0.495721 0.393186
0.492855 0.461222
0.5 0.44459
0.5 0.45352
0.494356 0.0542125
0.494756 0.0258996
0.5 -0.0211648
0.5 -0.0585737
0.5 0.0207999
0.5 -0.000101274
0.494662 0.104494
0.5 0.368225
0.496249 0.27392
0.5 0.313808
0.494697 0.190999
-0.29919 -0.474793
-0.133053 -0.477813
0.478854 -0.393041
0.477191 -0.421326
-0.317258 -0.479587
0.223179 -0.484041
0.483685 -0.35257
0.453927 -0.447309
-0.0158925 -0.484153
0.0535107 -0.485959
0.470856 -0.437606
0.459642 -0.444293
0.465345 -0.440594
-0.0940246 -0.48173
-0.16172 -0.480818
-0.271341 -0.479354
-0.217736 -0.479922
-0.321673 -0.4844
0.392776 -0.476647
0.291035 -0.480767
0.340436 -0.480124
0.378633 -0.48052
0.434117 -0.465216
0.428412 -0.471669
0.433692 -0.46979
-0.331169 -0.488583
0.0806858 -0.489951
0.451483 -0.452563
0.447936 -0.457735
0.44123 -0.461778
0.479814 -0.42949
0.482571 -0.412252
0.483269 -0.388572
0.475926 -0.440008
0.414258 -0.4772
0.426053 -0.476326
0.189051 -0.489317
-0.50963 -0.434358
-0.522147 -0.406637
-0.509968 -0.450285
-0.5 -0.463515
-0.4655 -0.485026
-0.477551 -0.480075
-0.489262 -0.472363
-0.437016 -0.49181
-0.458177 -0.492602
-0.447825 -0.492923
-0.422517 -0.489159
-0.360367 -0.49256
-0.396776 -0.488823
-0.547579 -0.388609
-0.5787 -0.302186
-0.636243 0.013723
-0.621287 -0.21186
-0.715047 0.153573
-1 0.347073
-0.843587 0.201971
-0.0330898 0.711214
0.102279 0.634728
0.306029 0.622055
0.00920263 0.824035
-0.528339 1
-0.289643 0.815759
0.486214 0.482665
0.490862 0.47198
0.414449 0.540681
0.451041 0.524915
0.489672 0.491062
0.479562 0.5
0.392709 0.579869
0.490014 -0.28825
0.489537 -0.347718
0.5 -0.121553
0.495076 -0.224713
0.505163 -0.133134
0.506329 -0.065552
0.5 0.420067
0.5 0.43392
0.5 0.400136
0.5 0.464791
0.50642 0.435956
0.506376 0.449364
0.506575 0.364222
0.5 0.0578324
0.506155 -0.0176569
0.505551 0.0218876
0.5 0.121583
0.505571 0.301912
0.5 0.226579
-0.284293 -0.48381
0.273104 -0.48571
0.486632 -0.374909
0.458008 -0.45113
-0.0969399 -0.486096
-0.0205583 -0.489348
0.469839 -0.444667
0.46373 -0.44759
-0.16762 -0.484716
-0.234996 -0.484518
-0.270432 -0.48921
-0.35319 -0.5
0.408012 -0.481879
0.324576 -0.484837
0.365143 -0.484832
0.392575 -0.485657
0.482404 -0.436269
0.440632 -0.466592
0.433633 -0.475851
0.439772 -0.471765
-0.287176 -0.494689
0.0767064 -0.494754
-0.0441259 -0.494166
0.454879 -0.457906
0.447957 -0.462942
0.473319 -0.450463
0.286915 -0.489884
0.48653 -0.423188
0.489353 -0.396956
0.481035 -0.445142
0.424072 -0.481957
0.198036 -0.494589
-0.528913 -0.436262
-0.51289 -0.465162
-0.5 -0.479678
-0.471188 -0.490561
-0.486631 -0.487215
-0.462317 -0.5
-0.439317 -0.5
-0.424434 -0.5
-0.450458 -0.5
-0.40052 -0.5
-0.569325 -0.4225
-0.639048 -0.342369
-0.70447 -0.141049
-0.836961 -0.082944
-1 -0.00287783
0.241285 0.707683
0.400903 0.634951
0.243301 0.834398
-0.051645 1
0.5 0.48024
0.477288 0.519967
0.451832 0.548643
0.5 0.5
0.464062 0.573452
0.477301 0.619217
0.494478 -0.308533
0.494902 -0.3629
0.5 -0.213237
0.5 -0.30304
0.507121 -0.212523
0.513864 -0.123577
0.5166 -0.041689
0.508845 0.416353
0.513718 0.38333
0.512884 0.458794
0.51686 0.434822
0.516138 0.31772
0.508993 0.0697284
0.51581 0.0190583
0.508147 0.140915
0.512393 0.222145
-0.179912 -0.494447
0.462088 -0.455121
-0.123116 -0.490173
0.467641 -0.452061
-0.202528 -0.489148
0.47777 -0.452898
-0.334524 -0.505405
-0.285763 -0.5
0.408184 -0.488027
0.358605 -0.489947
0.488065 -0.436201
0.446372 -0.469049
0.434464 -0.481449
0.441859 -0.476307
0.0702911 -0.5
-0.188443 -0.5
-0.0600261 -0.5
0.473841 -0.459922
0.460224 -0.461849
0.454009 -0.465207
0.46713 -0.460134
0.300385 -0.494968
0.487946 -0.445652
0.49278 -0.422532
0.495247 -0.402925
0.5 -0.400268
0.482376 -0.455158
0.427184 -0.488253
0.197757 -0.5
-0.527668 -0.475095
-0.5 -0.5
-0.478716 -0.5
-0.454499 -0.508673
-0.430976 -0.512181
-0.380085 -0.517722
-0.626747 -0.441204
-0.560164 -0.490735
-0.759185 -0.324393
-1 -0.291389
0.41269 0.716579
0.413959 0.839509
0.307261 1
0.522367 0.47171
0.502932 0.52643
0.53129 0.49098
0.517646 0.560916
0.514733 0.650836
0.5 -0.361249
0.506744 -0.298604
0.517469 -0.229417
0.527336 -0.103637
0.531763 -0.000691411
0.526332 0.399082
0.530338 0.344305
0.53352 0.432023
0.531539 0.245726
0.526571 0.108688
-0.293767 -0.513568
-0.220117 -0.506586
0.403332 -0.493312
0.365753 -0.495405
-0.702969 -0.455153
0.494255 -0.436419
0.478315 -0.463454
0.451492 -0.472057
0.447598 -0.478142
0.439988 -0.48443
0.0852282 -0.505892
-0.0693611 -0.506096
0.48847 -0.454576
0.469544 -0.468338
0.460546 -0.46912
0.292826 -0.5
0.424216 -0.494534
0.357255 -0.5
0.494408 -0.447338
0.5 -0.424193
0.506175 -0.402133
0.485108 -0.464912
0.437191 -0.493016
0.213638 -0.507801
-0.516018 -0.518708
-0.484355 -0.522904
-0.46015 -0.523139
-0.432906 -0.5344
-0.264633 -0.529012
-0.356627 -0.539986
-0.539034 -0.546989
-0.606993 -0.523809
-0.820987 -0.472818
-1 -0.521571
0.525272 0.772371
0.533581 1
0.556967 0.442586
0.553348 0.501318
0.567146 0.544651
0.573239 0.626636
0.532249 -0.205327
0.511646 -0.370107
0.517803 -0.326124
0.531651 -0.307933
0.548439 -0.092814
0.557896 0.0432512
0.553864 0.349143
0.579956 0.3827
0.561497 0.196618
-0.159333 -0.516547
0.403771 -0.5
-0.682329 -0.556718
0.5 -0.438861
0.477745 -0.470542
0.455828 -0.477208
0.445067 -0.489021
0.448706 -0.483285
0.471866 -0.47531
0.1378 -0.515332
-0.00174837 -0.516431
0.49322 -0.458763
-0.0799868 -0.532579
0.463503 -0.477136
0.347365 -0.50578
0.292794 -0.508565
0.427078 -0.5
0.395672 -0.505681
0.448981 -0.493598
0.5 -0.450364
0.508655 -0.43316
0.516711 -0.409628
0.480481 -0.478356
0.49065 -0.472133
0.440965 -0.5
0.255729 -0.5225
-0.395544 -0.563679
-0.470173 -0.558857
-0.186873 -0.560214
-0.5316 -0.610549
-0.735831 -0.644325
-1 -0.73898
0.625907 0.637968
0.638247 0.814462
0.744051 1
0.608529 0.435528
0.637157 0.514033
0.552535 -0.237334
0.549366 -0.34713
0.52873 -0.382853
0.580991 -0.093071
0.61014 0.100754
0.617318 0.287913
0.455023 -0.485584
0.469618 -0.482979
0.128105 -0.529842
0.5 -0.462631
0.0497651 -0.550754
0.462282 -0.484668
-0.313439 -0.583818
0.394718 -0.51436
0.344863 -0.516464
0.423301 -0.509067
0.451527 -0.5
0.460302 -0.491952
0.473551 -0.490253
0.510633 -0.456766
0.525787 -0.433868
0.488403 -0.487811
0.5 -0.479188
0.440726 -0.510817
0.33693 -0.531619
0.0988199 -0.58073
0.230753 -0.549681
-1 -1
-0.352171 -0.62101
-0.110744 -0.617888
-0.343948 -0.699599
-0.513595 -0.719845
-0.62277 -0.826218
0.722415 0.605917
1 1
0.841373 0.697495
0.707924 0.359587
0.583089 -0.256411
0.5796 -0.353517
0.552099 -0.403186
0.634795 -0.103793
0.699632 0.122325
0.403278 -0.52476
0.463518 -0.5
0.329505 -0.550883
0.460662 -0.512491
0.479712 -0.5
0.521818 -0.475394
0.550585 -0.445576
0.5 -0.5
0.437761 -0.529326
0.154825 -0.628767
0.389962 -0.54898
0.296575 -0.580579
-0.457395 -1
-0.0858271 -0.708577
-0.22023 -0.836302
0.843786 0.367295
1 0.475002
0.821588 0.0959109
0.634633 -0.287288
0.601559 -0.399354
0.71414 -0.164735
0.477925 -0.523162
0.613348 -0.445201
0.551891 -0.495053
0.186908 -0.707399
0.49974 -0.55141
0.447265 -0.554594
0.322242 -0.63079
0.393435 -0.579911
-0.00252835 -1
0.16062 -0.831847
1 0.0451829
0.835032 -0.195552
0.703296 -0.371603
0.630913 -0.501802
0.57654 -0.56785
0.359493 -0.717699
0.510887 -0.621207
0.425365 -0.619074
0.322521 -1
0.483653 -0.818967
1 -0.298273
0.826604 -0.421068
0.72533 -0.565029
0.612399 -0.683048
0.468472 -0.704687
0.621964 -1
0.75546 -0.780999
1 -0.610655
1 -1
