3763 3
831 966 833
708 832 831
582 586 707
586 713 708
832 965 966
707 708 831
708 713 832
170 256 177
467 466 587
716 588 587
458 361 467
831 832 966
580 458 467
714 830 706
459 465 359
460 459 354
581 465 459
588 706 580
586 582 465
706 713 586
580 706 581
588 714 706
708 707 586
839 972 964
840 731 853
973 840 853
179 206 265
182 181 101
268 182 265
267 181 182
99 122 125
101 99 179
101 37 99
268 361 267
382 489 487
293 383 382
266 293 360
265 266 360
265 206 266
206 205 293
383 489 382
360 293 382
381 488 383
715 606 731
839 714 716
587 606 715
460 581 459
355 460 354
355 458 460
466 487 587
360 466 361
360 382 466
361 466 467
716 587 715
840 716 715
588 580 467
714 588 716
706 830 713
840 839 716
713 838 832
581 706 586
830 838 713
587 588 467
487 606 587
458 355 361
355 258 267
361 355 267
458 580 460
709 834 710
710 834 835
707 709 582
709 833 834
583 709 710
707 831 709
172 171 92
36 101 100
180 257 172
258 180 267
257 171 172
354 257 258
256 171 257
353 264 256
354 353 257
355 354 258
459 359 353
359 461 356
354 459 353
465 461 359
1823 1848 1851
1824 1823 1851
1824 1788 1823
1788 1824 1811
1734 1728 1776
1768 1734 1784
1681 1615 1685
1734 1681 1728
1669 1615 1681
1848 1820 1845
1848 1823 1820
1820 1819 1845
1787 1820 1823
1737 1728 1685
1788 1737 1787
1776 1728 1737
1811 1776 1788
1811 1784 1776
1813 1778 1808
1820 1809 1819
1809 1778 1813
1778 1770 1808
1819 1813 1808
1773 1769 1729
1672 1604 1671
1725 1672 1671
1724 1723 1672
1730 1723 1770
1526 1525 1426
1526 1603 1610
1425 1526 1426
1425 1519 1526
1670 1678 1610
1610 1678 1609
1672 1670 1605
1672 1723 1670
1730 1677 1678
1721 1669 1681
1682 1721 1735
1684 1683 1735
1527 1500 1429
1073 1074 1199
1196 1073 1197
930 1074 1073
1057 928 930
1181 1057 1071
1182 1072 1057
797 671 796
1809 1787 1773
1819 1809 1813
1820 1787 1809
1729 1730 1778
1773 1729 1778
1676 1679 1729
1679 1677 1730
1611 1679 1676
1662 1660 1679
1508 1593 1509
1504 1508 1409
1504 1589 1508
1508 1589 1593
1423 1504 1407
1524 1589 1504
1423 1524 1504
1525 1609 1524
1609 1660 1589
1592 1593 1662
1507 1592 1530
1509 1593 1592
1410 1509 1507
1411 1409 1508
1524 1423 1424
1609 1589 1524
1314 1193 1194
1409 1300 1407
1409 1301 1300
1426 1424 1316
1643 1706 1646
1568 1644 1643
1683 1684 1644
1301 1410 1320
1508 1509 1411
1407 1504 1409
1660 1662 1593
1509 1410 1411
1681 1734 1721
1769 1773 1787
1722 1769 1737
1722 1729 1769
1685 1722 1737
1676 1729 1722
1615 1611 1664
1679 1730 1729
1737 1788 1776
1427 1528 1499
1530 1602 1527
1509 1592 1507
1615 1602 1530
1602 1613 1527
1721 1682 1669
1768 1721 1734
1768 1735 1721
1613 1528 1527
1669 1613 1602
1682 1614 1613
1683 1614 1682
1735 1683 1682
1684 1706 1644
1199 1197 1073
1403 1297 1320
1429 1403 1320
1427 1499 1402
1500 1427 1403
1500 1528 1427
1318 1403 1427
1296 1318 1402
1197 1297 1318
1528 1500 1527
1427 1402 1318
1529 1503 1428
1528 1529 1499
1588 1568 1503
1614 1588 1529
1614 1568 1588
1613 1614 1528
1643 1646 1570
1297 1403 1318
1428 1402 1499
1296 1196 1318
1318 1196 1197
1402 1319 1296
1181 1196 1296
1181 1071 1196
1198 1296 1319
1614 1529 1528
1645 1570 1646
1428 1319 1402
1570 1645 1569
1477 1478 1570
1476 1406 1503
1263 1265 1139
1375 1263 1299
1263 1139 1137
1285 1319 1299
1299 1319 1406
1198 1319 1286
1072 1198 1168
1182 1296 1198
1529 1428 1499
1375 1299 1406
1377 1375 1475
1377 1265 1375
1319 1428 1406
1168 1198 1286
1644 1614 1683
1476 1503 1568
1375 1476 1475
1375 1406 1476
1406 1428 1503
1475 1476 1567
797 759 671
929 930 797
1069 929 926
1074 1193 1199
929 1074 930
929 1069 1074
1070 1194 1069
933 1068 926
1068 1173 1070
1069 1193 1074
1169 1168 1286
927 1046 1044
927 1072 1046
930 1071 1057
1182 1198 1072
928 1057 1072
927 928 1072
797 930 928
1181 1296 1182
1301 1411 1410
1297 1199 1320
1193 1300 1301
1788 1787 1823
1784 1734 1776
1662 1611 1592
1685 1728 1681
1664 1676 1685
1615 1664 1685
1611 1676 1664
1530 1611 1615
1662 1679 1611
1530 1592 1611
1660 1677 1679
1769 1787 1737
1770 1778 1730
1676 1722 1685
1530 1527 1429
1669 1602 1615
1669 1682 1613
1421 1425 1315
1603 1521 1605
1603 1519 1521
1670 1603 1605
1670 1610 1603
1425 1421 1519
1315 1425 1317
1421 1422 1519
1397 1421 1315
1422 1521 1519
1604 1672 1605
1312 1422 1397
1724 1672 1725
1677 1609 1678
1520 1431 1532
1321 1416 1430
1515 1518 1598
1738 1732 1781
1808 1771 1783
1725 1686 1738
1520 1422 1431
1532 1604 1520
1616 1532 1531
1616 1604 1532
1616 1671 1604
1598 1616 1531
1598 1667 1616
1772 1808 1770
1725 1772 1724
1725 1771 1772
1609 1677 1660
1593 1589 1660
1525 1610 1609
1317 1425 1426
1603 1526 1519
1424 1426 1525
1524 1424 1525
1423 1316 1424
1316 1317 1426
1012 1013 1139
881 1012 886
882 1013 1012
765 881 886
884 765 886
760 881 765
879 1011 882
1011 1138 1137
880 1011 879
913 927 1044
880 913 1011
880 927 913
880 928 927
1167 1169 1285
1167 1044 1046
1588 1503 1529
1644 1568 1614
1567 1476 1568
1643 1567 1568
1706 1643 1644
1570 1567 1643
1570 1478 1567
1169 1046 1168
1285 1169 1286
1167 1046 1169
1783 1818 1819
1771 1738 1783
1772 1771 1808
1725 1738 1771
1789 1818 1783
1718 1667 1668
1766 1718 1719
1732 1686 1718
1773 1778 1809
1783 1819 1808
1818 1845 1819
1781 1789 1738
1520 1604 1521
1314 1194 1313
1407 1314 1423
1300 1193 1314
1193 1069 1194
1411 1301 1409
1429 1320 1410
1199 1193 1301
1320 1199 1301
1297 1197 1199
1429 1500 1403
1507 1429 1410
1507 1530 1429
1071 930 1073
1196 1071 1073
1181 1182 1057
1313 1194 1195
1316 1313 1195
1316 1423 1313
1075 931 1065
1166 1075 1200
1201 1166 1200
932 933 801
1076 1043 1166
1076 933 1043
1043 932 1075
635 634 759
545 634 518
548 545 543
672 673 545
676 677 548
673 634 545
800 673 672
800 796 673
1738 1789 1783
671 634 673
929 797 796
759 634 671
1388 1477 1489
1488 1387 1489
1277 1152 1264
1151 1028 1027
1152 1151 1027
1276 1153 1151
1387 1278 1276
1491 1389 1488
1390 1279 1389
1490 1390 1491
1487 1385 1386
1580 1487 1490
1385 1283 1273
1486 1391 1385
1486 1492 1391
1385 1391 1283
1274 1385 1273
1274 1150 1275
1385 1274 1386
1148 1150 1274
1279 1390 1386
1487 1486 1385
650 775 651
1487 1390 1490
928 880 795
1168 1046 1072
1045 1138 1011
1044 1045 913
1044 1167 1045
1668 1667 1601
1668 1719 1718
1599 1668 1600
1668 1612 1680
1733 1766 1719
1477 1569 1489
1376 1477 1388
1376 1478 1477
532 531 654
529 411 412
654 531 653
413 519 529
516 413 414
523 411 529
638 760 763
648 638 639
636 760 638
636 761 760
637 636 527
637 761 636
519 637 525
758 761 637
758 879 761
638 763 639
648 527 638
764 773 648
763 764 639
883 773 764
650 527 648
773 650 648
651 527 650
761 879 881
1139 1141 1015
1137 1139 1013
1152 1277 1151
1014 1140 1026
1264 1376 1277
770 772 646
899 893 774
775 899 774
1024 1023 894
892 896 778
894 892 769
644 771 769
893 899 1024
1024 1149 1023
519 525 523
649 651 774
526 649 646
649 526 527
525 526 647
649 527 651
525 637 526
523 525 647
519 633 637
636 638 527
526 637 527
885 1014 883
763 885 764
884 886 1015
885 884 1015
762 760 765
1015 1141 1014
1012 1015 886
1012 1139 1015
1390 1389 1491
898 775 773
1028 898 1027
1150 1149 1275
1277 1276 1151
1158 1283 1159
1032 1158 1033
1147 1273 1158
772 771 645
649 774 770
1024 895 893
1028 1029 898
1023 1025 896
894 1023 892
1149 1025 1023
1153 1149 1029
1150 1025 1149
1273 1283 1158
1148 1273 1147
1274 1275 1386
1273 1148 1274
1032 1022 1147
1022 1025 1148
900 901 1032
896 1025 1022
653 779 780
771 894 769
770 895 772
770 893 895
774 893 770
1024 1029 1149
895 1024 894
899 1029 1024
901 778 896
1032 901 1022
900 777 901
1153 1278 1275
1386 1390 1487
645 522 524
1023 896 892
1148 1025 1150
1148 1147 1022
769 778 652
779 901 780
516 515 632
408 518 409
313 319 408
423 547 548
325 226 324
434 325 433
318 226 325
434 422 325
319 313 318
1680 1617 1687
1733 1680 1731
1612 1617 1680
1733 1719 1680
1516 1418 1417
1587 1599 1516
1533 1587 1502
1612 1599 1587
1430 1515 1531
1422 1322 1431
1416 1515 1430
1200 1307 1321
1420 1515 1416
1502 1587 1516
1518 1515 1420
1600 1518 1517
1601 1667 1598
1518 1601 1598
1600 1668 1601
1668 1680 1719
1287 1189 1170
547 675 676
1680 1687 1731
1607 1617 1533
1432 1523 1533
1506 1591 1523
1405 1308 1323
1516 1417 1502
1396 1308 1417
1594 1513 1595
1511 1510 1498
1663 1594 1595
1663 1661 1594
1505 1413 1510
1408 1413 1505
1432 1408 1506
1304 1413 1408
1303 1184 1185
1607 1673 1617
1523 1607 1533
1612 1533 1617
1502 1432 1533
1608 1675 1607
1171 1170 1047
1170 1189 1066
1047 1170 1066
1171 1287 1170
1049 1171 1047
914 1049 1047
1048 1172 1049
1172 1204 1288
1309 1311 1191
1418 1309 1396
1417 1418 1396
1516 1517 1419
1076 1201 1202
1307 1200 1188
1321 1201 1200
1311 1418 1419
1431 1531 1532
1322 1430 1431
1312 1322 1422
1312 1202 1322
1430 1531 1431
545 548 672
935 936 1078
914 935 1048
1049 914 1048
924 923 798
1047 924 914
1047 1066 924
804 936 935
924 804 914
798 677 804
912 936 803
934 912 803
934 1040 912
1078 1048 935
935 914 804
1172 1171 1049
1078 1172 1048
1204 1308 1288
924 798 804
1066 923 924
1066 1165 1042
674 548 677
674 672 548
1067 1042 1165
798 925 931
925 1042 1067
923 1042 925
923 1066 1042
925 1067 1065
1189 1165 1066
1067 1188 1065
1189 1191 1165
1310 1191 1311
1165 1191 1067
1189 1309 1191
1732 1718 1766
1419 1418 1516
1420 1419 1517
1311 1309 1418
1420 1311 1419
1310 1416 1307
1518 1420 1517
1190 1188 1067
1310 1190 1191
1307 1188 1190
1310 1420 1416
1190 1310 1307
1311 1420 1310
1416 1321 1307
1587 1533 1612
1599 1517 1516
1668 1599 1612
1600 1517 1599
1203 1323 1204
1405 1417 1308
1408 1432 1323
1502 1417 1405
1396 1287 1288
933 926 800
1202 1192 1076
1202 1312 1192
1173 1192 1289
1195 1173 1289
1068 1192 1173
926 1068 1070
933 1076 1068
801 933 800
674 801 800
674 799 801
932 931 1075
933 932 1043
799 931 932
800 672 674
801 799 932
796 671 673
926 796 800
926 929 796
543 423 548
421 543 518
421 423 543
804 677 803
925 798 923
1188 1075 1065
799 798 931
1076 1192 1068
1075 1166 1043
1166 1201 1076
674 798 799
674 677 798
1040 1077 1163
1163 1077 1203
1078 1163 1204
1078 1040 1163
1187 1306 1186
1177 1187 1064
922 1052 1064
1178 1292 1293
1293 1400 1306
1177 1293 1187
1292 1400 1293
1675 1608 1659
1063 1064 1187
1186 1063 1187
1041 917 922
1164 1041 1063
1164 1054 1041
1056 1061 921
1179 1180 1055
1054 1179 1055
1186 1305 1294
1055 1180 1056
1054 917 1041
1186 1179 1164
1055 1056 918
1164 1179 1054
1401 1294 1305
1412 1401 1498
1412 1302 1401
1061 1180 1185
1401 1305 1414
1179 1294 1180
1179 1186 1294
1306 1305 1186
1295 1294 1401
1185 1295 1302
1180 1294 1295
1414 1498 1401
1511 1513 1594
1398 1414 1305
1511 1594 1510
1414 1511 1498
1414 1513 1511
1673 1607 1675
1401 1302 1295
1185 1062 1061
1056 1180 1061
1303 1203 1184
1302 1303 1185
1180 1295 1185
1412 1303 1302
1412 1413 1303
912 1040 936
802 934 803
920 1060 934
793 675 794
1062 920 921
934 1059 1077
918 921 793
1062 1060 920
921 920 793
1056 921 918
1061 1062 921
934 802 920
1078 936 1040
802 793 920
676 802 803
676 675 802
802 675 793
548 547 676
1063 1186 1164
1590 1510 1594
1591 1590 1661
1505 1510 1590
1512 1595 1513
1586 1596 1595
1661 1590 1594
1506 1505 1591
1412 1498 1510
1413 1412 1510
1413 1304 1303
1661 1663 1659
1591 1661 1608
1591 1505 1590
1523 1591 1608
1506 1408 1505
1400 1415 1306
1514 1447 1522
1596 1514 1522
1404 1497 1399
1586 1501 1514
1512 1513 1415
1586 1512 1501
1586 1595 1512
1512 1497 1501
1414 1415 1513
1400 1497 1415
1400 1292 1399
1659 1608 1661
544 546 547
684 688 557
555 687 557
812 688 684
813 812 684
947 816 812
950 816 947
950 1087 1092
947 1087 950
1090 1216 1087
1092 1058 1039
919 911 1039
792 689 816
670 546 558
1287 1396 1309
1189 1287 1309
1288 1308 1396
1171 1288 1287
1171 1172 1288
1078 1204 1172
1432 1506 1523
1405 1432 1502
1405 1323 1432
1204 1323 1308
1304 1408 1323
1323 1203 1304
1203 1303 1304
1184 1203 1077
1060 1184 1059
934 1060 1059
1062 1184 1060
1062 1185 1184
1617 1673 1687
1523 1608 1607
1564 1640 1565
1371 1472 1471
1472 1565 1471
1361 1466 1372
1564 1637 1640
1472 1564 1565
1560 1637 1564
1466 1560 1472
1466 1561 1560
1371 1370 1257
1134 1258 1259
1372 1472 1371
1466 1467 1561
1483 1561 1467
1384 1483 1383
1576 1561 1483
1485 1483 1384
1383 1467 1362
1378 1384 1383
1379 1378 1267
1480 1384 1378
1485 1576 1483
1260 1372 1371
1133 1244 1258
1361 1372 1260
1384 1484 1485
1272 1378 1383
1480 1484 1384
1379 1480 1378
1268 1379 1267
1380 1481 1479
1268 1380 1379
1268 1270 1380
1574 1484 1480
1573 1479 1481
1121 1246 1245
1378 1272 1267
1383 1362 1272
1483 1467 1383
1637 1561 1576
1560 1564 1472
1363 1362 1467
1466 1472 1372
1467 1466 1363
1561 1637 1560
1119 1245 1122
1466 1361 1363
1260 1371 1258
1370 1371 1471
1247 1245 1362
1361 1247 1363
1361 1260 1244
1365 1368 1254
857 874 754
737 857 754
989 874 857
1255 1256 1132
1130 1132 1004
1254 1368 1255
1259 1254 1134
1368 1256 1255
628 737 754
1254 1255 1130
1004 873 1000
754 874 873
628 754 753
737 860 857
1006 1000 874
1133 1006 1005
1134 1254 1130
1258 1134 1133
1244 1260 1258
1122 1244 1133
1122 1247 1244
1371 1259 1258
1259 1365 1254
1004 872 873
1255 1132 1130
1006 1130 1000
1006 1134 1130
1251 1253 1367
1130 1004 1000
1253 1131 1256
1131 1004 1132
1003 871 1004
1256 1131 1132
998 1128 1129
997 865 866
1128 997 1001
998 865 997
999 998 1129
997 866 1001
619 616 504
744 619 746
617 744 745
616 619 744
395 500 502
501 504 616
496 388 392
496 389 388
391 393 498
497 389 496
613 497 496
615 613 614
613 615 741
612 495 497
739 738 611
862 739 740
861 738 739
611 738 610
740 739 612
861 876 755
390 298 389
497 390 389
493 385 390
500 401 501
396 394 395
503 396 395
393 302 396
307 402 394
300 210 215
300 301 210
392 388 301
393 499 498
388 298 301
400 402 307
500 501 616
394 500 395
394 401 500
396 302 394
625 510 509
626 622 512
750 748 869
621 622 748
623 510 625
508 622 621
399 508 400
399 397 507
305 399 400
306 305 400
306 212 213
397 398 507
303 397 304
310 398 397
627 512 511
752 627 735
752 872 751
628 752 735
737 628 735
858 737 735
860 989 857
753 752 628
872 871 751
873 872 753
751 748 626
1125 1126 1251
1124 1125 1127
996 1126 1125
995 862 863
999 995 863
996 994 995
1123 996 1124
620 619 505
866 865 745
746 747 867
997 1128 998
864 863 742
1127 1125 1251
866 744 746
866 745 744
868 870 1002
999 863 864
864 743 745
864 742 743
865 864 745
865 999 864
863 741 742
996 995 1126
618 614 503
502 618 503
617 745 618
862 740 741
613 612 497
613 740 612
742 741 615
863 862 741
862 861 739
747 623 749
747 620 623
868 747 749
750 870 749
867 866 746
1002 867 868
1001 866 867
746 619 747
505 510 620
876 994 1009
615 743 742
741 740 613
614 743 615
496 498 613
499 396 503
499 393 396
613 499 614
498 392 391
613 498 499
496 392 498
391 302 393
996 1123 994
385 297 295
875 757 878
309 405 404
296 309 308
296 386 309
216 296 308
386 405 309
848 981 979
977 846 979
404 480 374
513 514 405
480 481 375
514 480 404
599 481 480
847 727 725
602 728 603
599 601 481
599 725 601
284 374 285
849 981 848
1001 1131 1128
867 747 868
1002 1131 1001
867 1002 1001
1003 1131 1002
401 510 504
751 869 748
752 751 627
871 869 751
1004 871 872
1003 869 871
1252 1251 1367
996 1125 1124
1129 1251 1126
999 1129 1126
995 999 1126
865 998 999
1128 1131 1253
1004 1131 1003
1253 1251 1129
1128 1253 1129
1256 1367 1253
1252 1127 1251
509 402 400
621 509 508
621 625 509
870 869 1003
1002 870 1003
868 749 870
625 750 624
625 748 750
734 858 735
1257 1259 1371
1257 1365 1259
1367 1256 1368
512 622 506
620 747 619
750 749 624
750 869 870
512 506 511
609 627 511
626 748 622
627 626 512
627 751 626
402 401 394
508 509 400
510 401 402
509 510 402
748 625 621
623 620 510
624 623 625
624 749 623
504 501 401
505 504 510
505 619 504
399 304 397
1144 1143 1269
1270 1144 1269
1145 1020 1144
888 905 903
317 407 415
668 663 786
541 540 668
542 541 668
415 418 316
540 663 668
538 540 420
539 665 663
538 539 540
538 665 539
540 539 663
1496 1395 1492
1494 1392 1394
1495 1494 1585
1495 1392 1494
1394 1395 1496
788 787 909
664 788 665
666 787 788
666 781 787
315 416 410
416 536 417
535 660 657
662 661 536
662 785 661
507 622 508
399 507 508
398 506 507
311 398 310
506 622 507
403 506 398
736 640 766
859 858 736
992 1018 1120
890 992 990
859 890 990
859 891 890
992 1019 1018
1143 1020 1016
1019 1145 1018
1143 1144 1020
1018 1121 1120
1120 1121 1245
1119 1120 1245
891 859 887
1016 891 887
1019 890 891
1145 1019 1020
992 890 1019
858 860 737
766 859 736
991 1120 1119
1018 1145 1142
1121 1018 1142
1120 990 992
991 990 1120
989 991 1119
860 990 991
1019 891 1020
1142 1246 1121
1363 1247 1362
1122 1133 1005
993 1122 1005
1247 1361 1244
753 754 873
874 1005 1006
873 874 1000
989 1005 874
991 989 860
858 990 860
1245 1247 1122
993 1005 989
1119 993 989
1119 1122 993
1133 1134 1006
858 734 736
872 752 753
735 609 734
403 511 506
520 417 533
491 520 521
491 410 520
520 641 521
734 640 736
627 609 735
609 640 734
491 609 511
410 491 511
410 417 520
534 533 658
904 1034 905
783 782 905
906 1034 904
907 906 784
1394 1284 1395
1494 1394 1496
1585 1494 1496
1281 1155 1161
1393 1280 1392
1382 1381 1271
1393 1382 1280
1393 1482 1382
1281 1284 1394
1036 1161 1155
1030 1036 1154
1034 1161 1036
1035 1160 1161
907 1035 906
661 785 784
908 1038 910
1281 1392 1280
1155 1281 1280
1154 1155 1280
1154 1036 1155
1161 1284 1281
1575 1481 1482
1382 1481 1381
1493 1482 1393
1493 1575 1482
643 640 521
768 889 887
766 768 887
642 767 768
887 859 766
891 1016 1020
643 768 766
768 767 889
1145 1268 1142
904 784 906
903 905 1034
888 783 905
1017 889 888
782 658 657
767 783 888
767 659 783
1246 1267 1272
990 858 859
1268 1267 1142
1246 1142 1267
1362 1246 1272
1362 1245 1246
1270 1268 1145
1144 1270 1145
1269 1381 1270
1270 1381 1380
1017 1021 1143
1146 1271 1269
1575 1573 1481
1479 1573 1574
1379 1479 1480
1379 1380 1479
1381 1481 1380
1481 1382 1482
1480 1479 1574
311 406 407
784 660 661
1493 1393 1495
1271 1280 1382
1269 1271 1381
1154 1280 1271
1146 1154 1271
1143 1146 1269
1030 1154 1146
1021 1030 1146
903 1034 1030
1034 1035 1161
1030 1034 1036
889 767 888
903 1017 888
1016 887 889
783 659 658
1017 1016 889
1021 1017 903
1030 1021 903
1146 1143 1021
1143 1016 1017
642 659 767
906 1035 1034
845 723 724
1393 1392 1495
617 618 502
744 617 616
745 743 618
495 493 390
497 495 390
612 611 495
994 861 862
995 994 862
1123 1009 994
876 877 755
994 876 861
1009 1010 876
298 210 301
389 298 388
611 494 493
739 611 612
738 629 610
297 208 295
387 297 385
494 387 493
494 492 386
495 611 493
610 492 494
611 610 494
629 513 610
386 296 297
387 386 297
309 404 308
492 405 386
492 513 405
387 494 386
514 631 630
405 514 404
513 631 514
214 128 127
299 209 210
390 299 298
294 209 299
295 208 207
209 295 207
294 385 295
610 513 492
755 629 738
861 755 738
877 756 755
755 756 631
1010 877 876
1010 878 877
218 312 303
376 378 482
286 376 372
286 288 376
53 120 117
378 377 483
408 312 313
518 408 421
409 314 408
413 531 414
530 653 529
412 530 529
523 524 411
528 644 652
522 528 412
522 644 528
411 522 412
774 651 775
898 899 775
770 646 649
645 647 772
522 645 644
524 647 645
647 526 646
1029 899 898
531 415 414
531 532 415
529 531 413
529 653 531
654 656 532
780 654 653
655 666 664
776 781 656
777 776 654
777 900 776
900 1032 902
776 900 781
652 653 530
652 779 653
412 528 530
644 769 652
778 901 779
652 778 779
771 895 894
645 771 644
772 895 771
892 778 769
896 1022 901
777 780 901
777 654 780
1583 1585 1496
316 420 317
415 316 317
418 420 316
532 418 415
538 420 418
532 656 537
664 665 538
1031 902 1033
1157 1031 1033
909 787 902
1038 909 1031
1038 908 909
662 536 542
907 785 790
416 417 410
420 416 317
419 541 536
420 419 416
420 541 419
661 660 535
641 642 768
643 641 768
640 643 766
521 641 643
609 521 640
609 491 521
534 659 642
520 534 641
520 533 534
782 657 660
904 782 784
783 658 782
642 641 534
533 657 658
536 535 417
536 661 535
905 782 904
533 535 657
659 534 658
417 535 533
660 784 782
311 407 317
303 314 310
409 515 406
314 409 406
310 314 406
312 408 314
879 758 759
880 879 759
795 880 759
797 795 759
797 928 795
913 1045 1011
1011 1013 882
1011 1137 1013
1167 1138 1045
1263 1167 1285
1263 1138 1167
758 633 632
759 758 635
762 884 763
760 762 763
765 884 762
515 407 406
517 515 409
515 516 414
519 413 516
758 637 633
523 529 519
415 407 414
518 517 409
881 760 761
882 881 879
882 1012 881
518 635 517
1421 1397 1422
1520 1521 1422
1312 1289 1192
1525 1526 1610
1604 1605 1521
1723 1730 1678
1670 1723 1678
1724 1770 1723
1407 1300 1314
1173 1195 1070
1397 1289 1312
1315 1195 1289
1317 1195 1315
1194 1070 1195
1423 1314 1313
1069 926 1070
1289 1397 1315
1317 1316 1195
1321 1202 1201
1321 1430 1322
1202 1321 1322
1725 1671 1686
1770 1724 1772
1686 1667 1718
1738 1686 1732
1671 1616 1686
1191 1190 1067
1075 1188 1200
1065 931 925
1616 1667 1686
1515 1598 1531
1518 1600 1601
1766 1781 1732
518 634 635
518 543 545
632 515 517
519 516 633
515 414 407
785 907 784
669 785 662
542 669 662
669 668 790
790 668 786
541 542 536
416 419 536
420 540 541
667 788 789
786 667 789
665 788 667
790 786 908
1037 1038 1162
1037 910 1038
1160 1037 1162
1160 1035 1037
907 790 910
668 669 542
910 790 908
785 669 790
665 667 663
789 788 909
908 789 909
786 663 667
1158 1032 1147
909 902 1031
787 781 902
1394 1392 1281
632 633 516
635 632 517
635 758 632
1492 1580 1583
781 900 902
1275 1149 1153
1151 1153 1028
1279 1386 1275
1278 1279 1275
1278 1389 1279
1395 1282 1283
1033 902 1032
1159 1033 1158
1157 1156 1031
1391 1395 1283
1162 1284 1160
1159 1282 1157
1033 1159 1157
1283 1282 1159
1395 1284 1282
1492 1395 1391
1580 1492 1486
1583 1496 1492
789 908 786
907 1037 1035
1156 1162 1038
1031 1156 1038
1157 1282 1156
1282 1284 1162
910 1037 907
1156 1282 1162
1284 1161 1160
884 885 763
1140 1264 1152
1141 1140 1014
1141 1266 1140
885 1015 1014
1265 1266 1141
1263 1137 1138
1263 1285 1299
1286 1319 1285
1026 1152 1027
898 773 897
1140 1152 1026
1475 1478 1377
1376 1388 1277
1266 1377 1376
1140 1266 1264
1265 1377 1266
1477 1570 1569
1377 1478 1376
1264 1266 1376
1265 1263 1375
1475 1567 1478
1026 1027 897
1139 1265 1141
1278 1387 1389
1153 1276 1278
1277 1388 1387
1387 1276 1277
1489 1387 1388
1488 1389 1387
883 764 885
1026 897 1014
764 648 639
897 773 883
1014 897 883
1027 898 897
775 650 773
1153 1029 1028
656 654 776
664 537 655
788 664 666
538 537 664
537 418 532
655 537 656
781 655 656
781 666 655
538 418 537
528 652 530
524 523 647
646 772 647
522 411 524
305 304 399
303 312 314
397 303 310
304 218 303
403 410 511
311 315 398
315 317 416
398 315 403
311 317 315
406 311 310
315 410 403
603 726 600
727 849 728
875 847 757
875 980 847
980 981 849
126 211 127
502 503 395
616 502 500
616 617 502
743 614 618
614 499 503
302 307 394
392 300 391
392 301 300
306 400 307
978 845 846
313 312 220
131 132 220
218 131 220
312 218 220
304 211 218
281 193 192
193 283 194
111 193 112
373 371 479
191 184 108
274 185 275
366 274 275
272 185 274
365 272 274
366 365 274
470 469 364
184 185 102
366 470 365
273 366 275
468 589 470
102 105 44
270 183 271
270 278 189
50 47 11
116 50 115
113 47 50
192 109 110
110 45 47
192 110 113
196 192 113
116 196 113
50 116 113
197 114 118
192 111 109
282 281 196
196 281 192
111 107 46
109 45 110
191 108 107
111 46 109
38 43 44
38 60 15
39 38 103
40 10 39
16 63 39
13 59 58
52 114 48
14 15 59
49 14 13
11 15 14
45 11 47
113 110 47
43 15 45
14 59 13
38 15 43
60 59 15
129 211 126
218 129 131
218 211 129
471 591 592
468 370 471
471 478 591
718 717 592
721 843 844
593 719 595
590 593 472
590 717 593
841 843 719
843 841 975
363 364 469
717 590 589
592 717 589
471 592 589
591 718 592
841 719 717
593 595 473
670 675 546
421 319 423
556 430 557
558 556 688
558 433 556
918 1054 1055
794 918 793
917 1054 918
794 917 918
922 1063 1041
922 1064 1063
794 922 917
675 791 794
915 1053 1052
675 670 791
791 792 916
794 791 915
670 792 791
1052 1053 1178
794 915 922
792 911 919
915 791 916
670 689 792
1606 1545 1597
1596 1586 1514
1659 1596 1606
1663 1595 1596
1293 1177 1178
919 1058 1050
919 1039 1058
1051 1053 916
1175 1051 1050
1176 1053 1051
911 950 1039
916 792 919
1051 916 919
1053 915 916
816 950 911
950 1092 1039
1219 1183 1092
1174 1050 1058
1174 1175 1050
1092 1183 1058
1298 1339 1404
1290 1298 1399
1183 1219 1298
1291 1176 1175
1175 1176 1051
1306 1187 1293
1178 1176 1291
1052 1177 1064
1298 1404 1399
1291 1290 1399
1178 1291 1292
1175 1290 1291
1398 1306 1415
1414 1398 1415
1305 1306 1398
1486 1487 1580
319 421 408
226 318 313
422 423 319
544 423 422
546 544 434
547 423 544
1077 1040 934
1184 1077 1059
1203 1204 1163
804 803 936
677 676 803
1622 1689 1690
1328 1439 1438
1331 1330 1210
1328 1438 1333
1441 1439 1330
1441 1539 1439
1331 1442 1441
1211 1331 1210
1211 1332 1331
1540 1539 1441
1621 1538 1539
1690 1621 1622
1623 1542 1621
1623 1626 1542
1539 1540 1622
1621 1539 1622
1538 1438 1439
1331 1441 1330
1440 1442 1332
1440 1540 1442
1542 1543 1444
1621 1542 1538
1626 1543 1542
1543 1626 1624
1625 1541 1624
1444 1538 1542
1444 1438 1538
1443 1445 1335
1624 1541 1543
1625 1544 1541
1091 1218 1090
1217 1091 1088
1217 1218 1091
1089 1217 1088
1082 1089 1088
1208 1213 1089
1335 1338 1217
1334 1335 1214
1333 1334 1214
1444 1543 1443
1216 1337 1336
1443 1541 1445
1444 1443 1334
1543 1541 1443
1544 1627 1546
1540 1537 1620
1622 1540 1620
1689 1622 1620
1690 1623 1621
1539 1538 1439
1440 1332 1329
1540 1440 1537
1540 1441 1442
1440 1329 1437
1537 1440 1437
810 809 806
945 1085 944
810 945 944
1086 1085 945
944 943 809
937 945 810
942 1084 1083
945 1079 1086
1210 1209 1084
1080 939 938
1079 945 937
1205 1086 1079
1211 1210 1085
810 806 937
808 941 807
1083 1208 1082
808 942 941
1209 1208 1083
941 1083 1082
1330 1209 1210
1330 1328 1209
1213 1333 1214
1089 1213 1214
1328 1333 1213
949 1091 1090
552 549 427
683 552 550
681 549 552
549 554 427
426 552 427
682 680 549
686 685 554
685 555 553
686 811 814
429 431 326
436 327 429
428 555 429
687 555 685
814 687 685
684 557 687
326 323 328
557 431 555
557 432 431
1596 1522 1606
1415 1497 1512
1501 1447 1514
1404 1447 1501
1497 1404 1501
1339 1447 1404
1183 1174 1058
1339 1298 1219
1290 1175 1174
1298 1290 1183
1399 1292 1291
1400 1399 1497
1290 1174 1183
1446 1338 1445
1340 1336 1446
1336 1215 1216
1544 1448 1446
1219 1215 1336
1545 1522 1447
1597 1545 1627
1597 1666 1606
1443 1335 1334
680 686 554
549 680 554
682 808 807
808 682 809
807 686 680
941 1082 946
807 941 811
686 807 811
680 682 807
1084 944 1085
941 942 1083
808 809 943
810 944 809
1084 1085 1210
1083 1084 1209
943 944 1084
942 943 1084
942 808 943
949 1088 1091
947 948 1090
946 1088 949
1208 1328 1213
1209 1328 1208
1330 1439 1328
946 949 815
1338 1337 1218
1445 1338 1335
1445 1544 1446
811 815 814
813 947 812
814 948 813
686 814 685
815 948 814
815 949 948
946 815 811
949 1090 948
1216 1090 1218
1216 1215 1087
816 688 812
683 679 806
681 552 683
437 327 436
559 437 436
560 551 437
681 682 549
809 681 683
809 682 681
560 437 559
424 327 437
550 424 551
425 327 424
426 425 550
426 553 425
429 555 431
425 428 327
553 555 428
425 553 428
427 554 553
426 427 553
426 550 552
432 321 323
1325 1212 1205
1434 1325 1433
1329 1212 1325
1437 1329 1434
1332 1212 1329
1082 1088 946
811 941 946
1208 1089 1082
1444 1333 1438
1214 1217 1089
1444 1334 1333
1335 1217 1214
1324 1205 1207
1211 1212 1332
1442 1331 1332
1211 1085 1086
1079 1081 1205
1212 1086 1205
937 939 940
1205 1081 1207
1433 1325 1324
1212 1211 1086
1325 1434 1329
438 559 435
439 438 332
439 561 438
562 561 439
678 679 683
690 678 560
805 679 678
817 805 690
938 939 805
809 683 806
438 435 328
560 559 690
436 435 559
424 550 425
437 551 424
805 678 690
678 551 560
683 550 551
553 554 685
1080 938 951
1206 1080 1093
940 1079 937
1080 940 939
1081 1079 940
688 689 558
813 948 947
687 813 684
687 814 813
816 689 688
947 1090 1087
1217 1338 1218
1087 1215 1092
1337 1446 1336
1218 1337 1216
1338 1446 1337
1219 1092 1215
1448 1546 1447
1446 1448 1340
1544 1546 1448
1541 1544 1445
1625 1627 1544
1448 1447 1339
1340 1448 1339
1219 1340 1339
1219 1336 1340
1627 1545 1546
911 792 816
1546 1545 1447
558 434 433
558 546 434
430 556 433
689 670 558
915 1052 922
1050 1051 919
1176 1178 1053
1052 1178 1177
675 547 546
430 322 432
143 142 222
329 234 333
440 329 333
564 440 442
441 331 440
331 330 231
232 142 233
332 232 233
432 557 430
321 432 322
323 431 432
222 227 321
436 429 435
332 328 232
561 559 438
438 328 332
805 939 806
951 938 817
952 951 818
1093 1080 951
1220 1093 1094
1220 1326 1206
1207 1326 1327
1324 1207 1327
1433 1324 1327
1325 1205 1324
1081 1206 1207
940 1080 1081
806 939 937
806 679 805
1206 1326 1207
1080 1206 1081
1093 1220 1206
428 429 327
429 326 435
323 326 431
328 435 326
683 551 678
954 956 821
1093 951 952
691 690 561
951 817 818
938 805 817
563 562 441
819 821 694
561 690 559
693 691 562
691 817 690
562 691 561
818 817 691
332 233 330
227 142 232
328 227 232
323 321 227
328 323 227
322 223 321
324 320 430
133 221 137
21 81 79
20 21 19
82 81 21
80 82 21
25 80 20
25 88 80
161 160 82
135 67 136
136 67 66
70 145 144
73 72 66
72 149 146
320 224 322
430 320 322
324 225 320
65 67 135
21 79 19
158 81 160
158 79 81
158 148 79
230 229 330
233 230 330
233 142 143
225 221 320
226 225 324
83 22 74
152 162 83
1 17 16
4 1 16
4 0 1
9 6 0
8 9 0
32 31 9
3 23 17
83 24 22
3 17 2
224 223 322
162 165 248
23 24 86
151 165 162
162 164 86
339 242 239
451 342 341
153 154 74
155 156 242
153 155 241
153 75 155
22 18 75
76 156 77
699 570 575
699 579 570
825 699 702
705 579 699
704 577 578
703 704 827
578 456 455
704 578 579
577 456 578
165 251 250
248 165 250
151 152 240
699 825 705
222 142 227
223 222 321
223 140 222
143 140 229
233 143 230
222 140 143
136 223 224
143 229 230
134 140 223
139 141 140
70 136 66
145 70 71
134 136 70
221 135 224
69 70 144
224 135 136
235 238 334
954 953 955
954 819 820
1097 954 955
821 818 693
1097 956 954
1097 1094 956
147 237 234
71 146 145
236 237 147
146 236 147
235 334 236
446 443 337
147 234 145
336 237 334
335 333 237
237 333 234
336 335 237
443 336 334
445 444 336
444 442 335
336 444 335
445 567 444
442 440 333
565 564 442
72 71 66
149 72 73
146 71 72
235 146 149
147 145 146
71 70 66
692 565 567
568 696 567
445 568 567
566 695 568
819 694 692
453 350 456
350 344 253
456 350 351
453 344 350
159 166 245
82 80 159
25 64 87
161 159 245
90 166 87
253 169 255
240 251 165
342 340 243
352 348 340
451 450 342
457 579 578
352 457 455
450 570 457
340 450 352
570 579 457
705 704 579
961 828 825
828 827 705
825 828 705
962 827 828
349 351 254
347 349 252
455 456 349
450 457 352
456 351 349
453 456 577
455 348 352
247 245 344
347 250 348
455 349 347
252 167 249
254 252 349
90 169 166
168 163 167
168 169 90
89 168 90
167 254 168
568 445 566
696 692 567
822 696 695
822 953 820
565 444 567
694 565 692
694 564 565
235 149 238
237 236 334
149 148 238
236 146 235
73 148 149
160 81 82
821 693 694
954 821 819
956 952 821
563 564 694
562 563 693
818 691 693
439 441 562
441 564 563
332 330 441
234 228 144
439 332 441
141 139 228
231 141 228
329 231 228
330 229 231
229 140 141
144 145 234
329 228 234
134 223 136
69 134 70
139 69 144
139 134 69
139 140 134
952 1094 1093
821 952 818
956 1094 952
337 334 238
565 442 444
564 441 440
693 563 694
141 231 229
144 228 139
329 331 231
440 331 329
441 330 331
244 238 158
343 345 452
335 442 333
443 445 336
337 443 334
446 566 443
568 695 696
443 566 445
244 343 337
569 566 446
692 696 819
569 695 566
697 822 695
452 576 569
446 452 569
345 454 452
704 703 577
827 823 703
820 953 954
696 820 819
696 822 820
823 822 697
698 823 697
576 698 697
703 823 698
827 958 823
957 953 822
166 253 245
25 87 88
169 253 166
351 255 254
351 350 255
454 453 577
703 576 577
345 346 454
446 343 452
343 246 345
454 576 452
697 695 569
73 79 148
66 67 73
65 64 20
19 65 20
80 21 20
67 65 19
135 133 65
246 244 160
246 343 244
247 344 346
576 454 577
698 576 703
697 569 576
346 344 453
246 346 345
247 161 245
246 247 346
246 161 247
350 253 255
454 346 453
245 253 344
446 337 343
67 79 73
244 158 160
161 246 160
337 238 244
238 148 158
957 823 958
455 347 348
822 823 957
152 151 162
157 152 78
157 240 152
455 457 578
829 827 962
829 958 827
86 85 23
248 164 162
164 248 249
347 248 250
249 167 163
347 249 248
347 252 249
132 219 220
131 62 132
59 60 131
15 11 45
63 17 61
131 60 62
16 17 63
62 39 63
99 54 122
99 37 54
181 172 100
91 26 28
92 28 36
92 91 28
97 98 34
91 97 33
177 98 97
26 27 41
12 54 37
170 177 97
91 170 97
171 256 170
41 40 104
154 241 157
78 154 157
153 241 154
77 155 75
77 156 155
93 150 76
242 339 341
239 242 156
239 338 339
828 961 962
827 704 705
702 701 826
341 241 242
449 341 339
342 243 341
826 961 825
27 33 7
262 176 261
256 264 177
461 582 583
1 0 2
10 4 16
8 0 4
10 27 4
35 32 9
94 173 93
260 175 262
259 260 357
338 259 357
338 239 259
173 174 260
150 173 239
260 174 175
98 96 35
8 7 34
177 264 178
261 263 356
175 176 262
178 263 261
98 178 176
98 177 178
262 357 260
450 451 575
575 451 572
699 575 702
570 450 575
340 342 450
240 157 243
251 240 340
348 251 340
348 250 251
165 151 240
157 241 243
243 241 341
340 240 243
74 75 153
154 78 74
78 83 74
572 701 574
449 572 451
449 573 572
573 449 448
173 259 239
464 358 463
338 357 447
262 358 357
574 702 575
572 574 575
701 702 574
573 701 572
573 448 447
339 448 449
339 338 448
571 585 700
824 837 959
700 585 712
700 826 701
573 571 700
712 837 824
18 22 24
5 3 2
77 18 76
77 75 18
1659 1674 1675
1596 1659 1663
1606 1674 1659
1545 1606 1522
1666 1674 1606
53 51 57
121 53 57
121 120 53
128 195 119
119 201 121
57 128 119
290 379 377
374 375 285
631 513 629
630 631 757
725 630 757
847 725 757
727 728 601
514 599 480
514 630 599
5 29 18
94 93 30
150 156 76
173 150 93
239 156 150
341 449 451
155 242 241
338 447 448
464 585 571
700 712 824
464 463 584
447 464 571
357 358 464
584 711 585
826 959 961
702 826 825
824 826 700
196 116 197
197 116 115
199 197 118
199 286 197
192 193 111
372 371 282
372 477 479
846 845 724
370 478 471
370 283 373
273 269 362
194 112 193
191 194 280
191 112 194
371 281 282
479 371 372
283 281 371
370 280 283
478 370 373
362 280 370
193 281 283
300 215 306
302 300 307
302 391 300
299 210 298
209 214 215
294 295 209
127 128 57
296 208 297
207 216 217
207 208 216
195 128 217
128 209 207
214 209 128
212 214 127
214 306 215
284 285 200
195 284 200
308 404 374
217 308 284
217 216 308
195 217 284
296 216 208
385 493 387
299 385 294
299 390 385
877 878 756
849 847 980
308 374 284
603 600 485
602 603 485
483 602 482
601 728 602
725 727 601
630 725 599
847 849 727
849 726 728
726 848 846
728 726 603
849 848 726
289 200 285
290 289 379
201 200 289
756 878 757
631 756 757
631 629 755
114 115 49
213 305 306
211 213 212
211 304 213
59 129 58
304 305 213
362 370 468
479 478 373
283 371 373
477 597 479
477 596 597
470 589 590
127 211 212
215 210 209
212 306 214
306 307 300
378 287 377
121 57 119
128 207 217
57 56 126
52 48 51
117 52 51
53 117 51
198 118 117
114 49 48
117 118 52
49 11 14
48 49 13
56 48 13
56 51 48
115 50 49
118 114 52
199 118 198
287 199 198
286 196 197
287 378 288
282 196 286
197 115 114
50 11 49
126 58 129
57 126 127
56 58 126
51 56 57
13 58 56
59 131 129
62 60 38
39 62 38
63 132 62
325 324 433
433 324 430
557 688 556
422 319 318
325 422 318
434 544 422
219 226 313
68 130 61
23 68 61
85 84 68
225 137 221
85 68 23
163 84 85
164 163 85
163 168 89
254 167 252
254 255 168
255 169 168
89 64 84
89 90 87
64 89 87
84 163 89
166 88 87
137 138 68
225 138 137
219 132 130
138 219 130
68 138 130
225 226 138
224 320 221
226 219 138
220 219 313
7 33 34
4 7 8
4 27 7
257 353 256
176 175 96
98 176 96
178 261 176
264 263 178
447 571 573
173 260 259
357 464 447
463 358 462
584 463 462
584 585 464
836 712 835
836 837 712
826 824 959
701 573 700
585 711 712
1 2 17
35 9 8
29 5 30
76 29 93
76 18 29
0 6 2
31 30 6
5 6 30
93 29 30
18 3 5
23 3 24
2 6 5
23 61 17
133 135 221
133 64 65
68 84 137
84 64 133
137 84 133
249 163 164
19 79 67
25 20 64
159 88 166
82 159 161
80 88 159
61 132 63
83 78 152
86 24 83
162 86 83
164 85 86
22 75 74
130 132 61
721 719 843
364 363 271
272 364 271
365 470 364
590 472 469
717 719 593
473 476 367
593 473 472
595 476 473
368 277 276
472 473 367
476 474 369
367 476 368
594 721 720
270 271 363
604 729 605
488 604 605
486 384 490
490 608 604
474 475 384
595 721 594
720 844 733
594 720 608
721 844 720
44 103 38
108 44 43
108 184 102
45 46 43
183 272 271
269 184 191
280 269 191
273 275 269
185 272 183
102 185 183
105 102 183
44 108 102
184 275 185
9 31 6
96 95 35
94 31 32
174 94 95
95 175 174
173 94 174
30 31 94
18 24 3
95 32 35
175 95 96
94 32 95
710 584 583
710 711 584
835 712 711
841 718 842
842 722 845
975 842 974
975 841 842
717 718 841
842 845 974
591 598 718
591 597 598
468 471 589
598 723 722
718 598 722
597 596 723
597 478 479
723 598 597
600 723 596
600 724 723
591 478 597
376 477 372
482 485 477
846 848 979
978 846 977
724 726 846
722 723 845
600 726 724
485 600 596
477 485 596
482 602 485
602 483 484
376 482 477
282 286 372
202 287 198
119 195 201
290 287 202
290 377 287
201 290 202
201 289 290
121 201 202
201 195 200
483 482 378
379 483 377
484 601 602
379 484 483
379 481 484
285 375 289
481 601 484
288 199 287
376 288 378
286 199 288
120 121 202
198 120 202
198 117 120
375 374 480
379 375 481
379 289 375
978 974 845
269 275 184
280 362 269
362 468 366
194 283 280
362 366 273
722 842 718
469 470 590
367 469 472
367 363 469
364 272 365
366 468 470
107 112 191
46 107 108
43 46 108
45 109 46
111 112 107
608 732 729
104 40 103
363 367 278
188 190 187
277 188 276
277 190 188
369 279 368
369 291 279
476 369 368
384 486 380
474 384 380
475 595 594
490 475 594
474 595 475
205 203 291
204 203 123
381 383 293
123 55 124
190 204 124
203 122 123
12 42 54
190 124 106
55 106 124
42 104 106
106 104 187
54 42 55
12 41 42
189 183 270
276 189 278
186 105 189
189 105 183
104 186 187
103 105 186
103 44 105
279 190 277
368 279 277
204 123 124
291 204 279
291 203 204
42 106 55
190 106 187
103 186 104
276 188 187
186 276 187
278 368 276
186 189 276
270 363 278
730 729 850
257 180 258
37 36 26
91 27 26
12 26 41
12 37 26
171 170 92
33 27 91
92 170 91
34 35 8
97 34 33
98 35 34
36 28 26
10 41 27
10 40 41
100 92 36
181 100 101
172 92 100
291 369 380
278 367 368
608 733 732
719 721 595
720 733 608
292 381 293
382 487 466
605 607 488
606 607 731
486 604 488
604 608 729
732 850 729
605 729 730
851 852 731
730 851 731
830 714 839
41 104 42
10 16 39
39 103 40
125 203 206
99 125 179
122 203 125
55 122 54
268 360 361
179 125 206
265 360 268
266 206 293
267 182 268
101 36 37
265 182 179
181 180 172
179 182 101
267 180 181
205 292 293
279 204 190
206 203 205
122 55 123
730 731 607
853 731 852
607 489 488
730 607 605
606 489 607
840 715 731
487 489 606
383 488 489
205 291 292
486 488 381
292 380 381
490 594 608
486 490 604
384 475 490
380 369 474
381 380 486
292 291 380
476 595 474
850 851 730
711 710 835
462 583 584
262 261 358
358 261 356
264 353 359
461 465 582
356 461 462
358 356 462
263 359 356
263 264 359
709 831 833
582 709 583
586 465 581
462 461 583
581 460 580
972 1108 1102
964 972 1102
973 1108 972
972 839 973
839 840 973
964 830 839
971 964 1102
971 838 964
838 965 832
964 838 830
971 965 838
1462 1457 1463
1456 1457 1552
1351 1456 1458
1351 1358 1456
1241 1357 1352
1463 1457 1456
1464 1463 1358
1234 1117 1241
1352 1348 1234
987 973 856
1559 1463 1464
1558 1462 1463
983 856 853
1356 1355 1240
1243 1118 1239
1359 1243 1360
1359 1242 1243
1243 1242 1118
1242 1241 1117
1358 1357 1464
1358 1351 1357
1352 1234 1241
1234 1108 1117
982 852 851
854 982 850
982 851 850
1113 1115 985
854 732 733
985 854 855
982 983 852
984 982 854
984 1114 982
844 976 855
985 855 986
1113 985 986
1109 1116 986
1238 1115 1113
984 854 985
1115 984 985
1115 1114 984
733 844 855
844 843 976
976 986 855
975 976 843
975 1109 976
1238 1239 1115
1109 975 974
1109 974 978
1110 978 977
1116 1113 986
1111 979 981
1112 1111 981
1240 1236 1354
1240 1116 1236
1236 1110 1111
1007 1112 980
1465 1461 1554
1359 1360 1465
1464 1359 1465
1242 1117 1118
1357 1242 1359
1357 1241 1242
1355 1238 1240
1243 1355 1360
1239 1238 1355
855 854 733
1118 988 1114
1239 1118 1114
1355 1243 1239
987 1108 973
988 987 856
1117 1108 987
853 852 983
850 732 854
1559 1558 1463
1465 1559 1464
1357 1359 1464
1360 1461 1465
1355 1461 1360
1111 1110 979
1110 1109 978
979 1110 977
1236 1109 1110
1356 1240 1354
1460 1356 1354
1461 1355 1356
1116 1109 1236
1238 1116 1240
1238 1113 1116
986 976 1109
1353 1460 1354
1554 1557 1559
1555 1554 1461
1556 1634 1633
1555 1556 1633
1555 1474 1556
1554 1633 1557
1007 980 875
1112 1135 1237
1111 1112 1237
1007 1135 1112
878 1008 1007
1237 1354 1236
1111 1237 1236
1135 1235 1237
1829 1856 1834
1008 878 1010
1009 1136 1010
1135 1007 1008
878 1007 875
1010 1136 1008
1237 1235 1353
1136 1261 1135
1008 1136 1135
1009 1123 1136
1237 1353 1354
1136 1123 1249
981 980 1112
1262 1374 1353
1261 1262 1235
1261 1373 1262
1135 1261 1235
1249 1124 1248
1460 1461 1356
1364 1261 1249
1473 1373 1468
1374 1262 1373
1559 1636 1558
1248 1127 1250
1250 1127 1252
1364 1248 1250
1373 1364 1468
1373 1261 1364
1248 1124 1127
1366 1364 1250
1249 1123 1124
1364 1249 1248
1261 1136 1249
1366 1250 1252
1367 1366 1252
1468 1364 1366
1367 1469 1366
1473 1374 1373
1633 1634 1698
1635 1633 1698
1554 1555 1633
1469 1468 1366
1368 1469 1367
1470 1562 1469
1365 1469 1368
1257 1369 1365
1369 1469 1365
1370 1369 1257
1470 1469 1369
1370 1471 1470
1563 1562 1470
1370 1470 1369
1471 1565 1563
1639 1562 1563
1470 1471 1563
1262 1353 1235
1474 1374 1473
1460 1353 1374
1474 1460 1374
1566 1474 1473
1555 1460 1474
1555 1461 1460
1638 1563 1565
1702 1638 1640
1701 1703 1640
1704 1641 1702
1639 1563 1638
1566 1562 1639
1556 1566 1634
1556 1474 1566
1638 1565 1640
1753 1704 1702
1566 1639 1641
1473 1562 1566
1473 1468 1562
1703 1702 1640
1800 1753 1752
1702 1639 1638
1754 1704 1753
1800 1754 1753
1755 1705 1754
1642 1698 1634
1754 1705 1704
1704 1705 1642
1635 1557 1633
1636 1635 1700
1554 1559 1465
1636 1557 1635
1636 1559 1557
1562 1468 1469
1798 1835 1799
1750 1798 1751
1750 1797 1798
1641 1639 1702
1634 1641 1642
1634 1566 1641
1797 1835 1798
1801 1797 1755
1801 1835 1797
1699 1751 1700
1635 1699 1700
1698 1705 1750
1635 1698 1699
1642 1641 1704
1836 1799 1837
1750 1755 1797
1750 1705 1755
1699 1750 1751
1699 1698 1750
1698 1642 1705
1637 1652 1701
1798 1799 1751
1838 1835 1801
1807 1843 1838
1861 1875 1859
1838 1861 1859
1843 1864 1861
1837 1799 1835
1859 1837 1835
1860 1836 1837
1701 1713 1752
1576 1652 1637
1576 1485 1578
1578 1484 1577
1653 1578 1577
1835 1838 1859
1650 1711 1653
1650 1573 1575
1650 1575 1651
1654 1714 1712
1755 1754 1801
1584 1579 1493
1585 1584 1495
1658 1654 1584
1752 1713 1762
1575 1493 1579
1584 1654 1579
1583 1657 1585
1715 1714 1658
1703 1752 1753
1702 1703 1753
1701 1752 1703
1637 1701 1640
1652 1713 1701
1578 1653 1652
1576 1578 1652
1485 1484 1578
1574 1577 1484
1574 1573 1650
1711 1762 1713
1653 1711 1713
1652 1653 1713
1650 1651 1711
1577 1650 1653
1577 1574 1650
1651 1654 1712
1712 1714 1762
1711 1712 1762
1711 1651 1712
1579 1654 1651
1575 1579 1651
1493 1495 1584
1584 1585 1658
1763 1752 1762
1762 1764 1807
1807 1800 1763
1806 1842 1843
1807 1806 1843
1807 1764 1806
1752 1763 1800
1582 1581 1656
1807 1763 1762
1655 1583 1580
1658 1657 1715
1658 1585 1657
1764 1761 1806
1761 1760 1805
1715 1761 1764
1714 1715 1764
1762 1714 1764
1654 1658 1714
1655 1580 1582
1656 1655 1582
1657 1583 1655
1581 1582 1491
1581 1491 1488
1571 1572 1569
1582 1490 1491
1488 1489 1581
1656 1581 1649
1709 1710 1649
1582 1580 1490
1656 1715 1655
1715 1657 1655
1760 1710 1709
1842 1864 1843
1761 1805 1806
1710 1656 1649
1715 1710 1761
1710 1715 1656
1489 1572 1581
1648 1708 1709
1572 1648 1649
1571 1647 1648
1572 1571 1648
1581 1572 1649
1489 1569 1572
1569 1645 1571
1571 1645 1647
1706 1707 1646
1706 1757 1707
1736 1706 1684
1862 1864 1842
1803 1804 1841
1760 1756 1802
1758 1757 1804
1708 1758 1759
1707 1757 1758
1759 1758 1804
1708 1707 1758
1760 1709 1756
1647 1707 1708
1648 1647 1708
1645 1707 1647
1645 1646 1707
1736 1735 1785
1785 1768 1784
1804 1786 1822
1735 1768 1785
1800 1838 1801
1754 1800 1801
1807 1838 1800
1876 1861 1864
1861 1838 1843
1860 1859 1875
1860 1837 1859
1710 1760 1761
1648 1709 1649
1756 1759 1802
1708 1756 1709
1708 1759 1756
1786 1785 1822
1757 1786 1804
1736 1785 1786
1706 1736 1757
1684 1735 1736
1805 1760 1802
1839 1805 1802
1842 1806 1805
1886 1876 1877
1842 1805 1839
1784 1811 1821
1821 1785 1784
1824 1821 1811
1786 1757 1736
1841 1804 1822
1803 1802 1759
1804 1803 1759
1841 1840 1803
1821 1822 1785
1851 1849 1824
1849 1867 1850
1822 1849 1850
1851 1867 1849
1850 1841 1822
1821 1849 1822
1863 1867 1866
1821 1824 1849
1839 1802 1803
1840 1839 1803
1862 1842 1839
1867 1851 1869
1878 1867 1879
1863 1862 1840
1841 1863 1840
1862 1877 1864
1876 1886 1885
1861 1876 1875
1864 1877 1876
1877 1863 1866
1869 1882 1881
1867 1869 1879
1847 1848 1845
1865 1847 1852
1865 1848 1847
1887 1877 1878
1885 1886 1892
1885 1875 1876
1891 1893 1892
1887 1891 1892
1888 1884 1891
1887 1888 1891
1886 1887 1892
1881 1882 1889
1881 1879 1869
1888 1881 1889
1888 1879 1881
1878 1866 1867
1866 1878 1877
1877 1862 1863
1863 1841 1850
1850 1867 1863
1862 1839 1840
1891 1890 1893
1879 1888 1887
1889 1884 1888
1878 1879 1887
1882 1871 1880
1886 1877 1887
1870 1854 1872
1865 1852 1870
1851 1865 1869
1851 1848 1865
1847 1845 1825
1818 1825 1845
1817 1789 1781
1847 1825 1852
1818 1789 1825
1817 1781 1782
1844 1817 1815
1825 1789 1817
1844 1826 1854
1825 1817 1844
1781 1766 1782
1884 1883 1890
1891 1884 1890
1884 1880 1874
1782 1733 1779
1779 1733 1731
1687 1739 1731
1779 1816 1815
1780 1816 1779
1826 1844 1816
1687 1726 1739
1846 1854 1826
1855 1854 1846
1869 1870 1882
1870 1852 1854
1882 1870 1872
1869 1865 1870
1782 1766 1733
1779 1815 1782
1815 1817 1782
1780 1739 1790
1731 1780 1779
1774 1775 1810
1790 1774 1810
1739 1726 1774
1853 1855 1827
1857 1853 1831
1855 1846 1828
1871 1855 1853
1871 1872 1855
1846 1826 1828
1827 1855 1828
1844 1852 1825
1816 1844 1815
1854 1852 1844
1884 1889 1880
1882 1880 1889
1868 1874 1880
1726 1687 1673
1675 1727 1673
1790 1828 1826
1790 1810 1828
1816 1790 1826
1739 1774 1790
1731 1739 1780
1726 1775 1774
1777 1793 1812
1775 1777 1810
1765 1717 1716
1775 1765 1777
1775 1727 1765
1871 1882 1872
1854 1855 1872
1874 1873 1883
1883 1884 1874
1868 1857 1874
1853 1868 1871
1858 1832 1833
1873 1858 1856
1873 1874 1858
1853 1857 1868
1745 1793 1744
1831 1814 1830
1831 1793 1814
1827 1793 1831
1853 1827 1831
1812 1793 1827
1828 1812 1827
1828 1810 1812
1727 1674 1717
1765 1744 1777
1727 1717 1765
1726 1727 1775
1675 1674 1727
1674 1666 1717
1858 1857 1832
1791 1814 1793
1792 1791 1743
1792 1830 1791
1746 1794 1792
1832 1857 1830
1880 1871 1868
1780 1790 1816
1717 1666 1665
1597 1665 1666
1691 1742 1692
1624 1626 1692
1626 1623 1691
1623 1690 1691
1691 1690 1742
1691 1692 1626
1741 1742 1690
1689 1741 1690
1740 1741 1689
1688 1740 1689
1746 1792 1740
1688 1689 1620
1619 1688 1620
1537 1619 1620
1536 1618 1619
1695 1740 1688
1794 1746 1747
1833 1794 1795
1830 1792 1794
1833 1832 1794
1693 1744 1716
1665 1693 1716
1692 1743 1693
1665 1597 1627
1625 1624 1692
1792 1741 1740
1692 1693 1627
1625 1692 1627
1743 1791 1745
1742 1743 1692
1742 1792 1743
1792 1742 1741
1791 1830 1814
1716 1717 1665
1627 1693 1665
1744 1765 1716
1745 1791 1793
1693 1745 1744
1693 1743 1745
1727 1726 1673
1793 1777 1744
1777 1812 1810
1834 1796 1829
1834 1795 1796
1858 1874 1857
1833 1795 1834
1858 1833 1834
1856 1858 1834
1857 1831 1830
1832 1830 1794
1748 1696 1697
1748 1720 1696
1749 1748 1697
1749 1795 1748
1767 1747 1720
1794 1747 1767
1746 1695 1747
1795 1749 1796
1767 1748 1795
1794 1767 1795
1720 1694 1696
1618 1688 1619
1534 1618 1536
1547 1628 1618
1619 1537 1536
1536 1537 1437
1434 1534 1437
1618 1628 1688
1434 1433 1534
1327 1436 1435
1449 1450 1547
1436 1341 1449
1435 1436 1535
1534 1435 1535
1534 1433 1435
1327 1326 1436
1326 1220 1341
1221 1094 1097
1342 1221 1223
1341 1220 1221
1535 1436 1449
1220 1094 1221
1342 1223 1344
1449 1342 1343
1341 1221 1342
1452 1453 1347
1551 1549 1454
1550 1548 1453
1629 1550 1630
1548 1451 1453
1535 1449 1547
1618 1535 1547
1435 1433 1327
1618 1534 1535
1536 1437 1534
1221 1097 1223
1720 1748 1767
1453 1346 1347
1550 1453 1549
1451 1346 1453
1449 1343 1450
1344 1223 1222
1450 1343 1451
1449 1341 1342
1097 955 1096
1095 1096 955
1095 953 957
1222 1095 1098
1222 1096 1095
1344 1222 1225
1343 1344 1451
1343 1342 1344
1095 955 953
1223 1096 1222
1223 1097 1096
1630 1631 1696
1629 1548 1550
1720 1747 1694
1548 1450 1451
1628 1548 1629
1547 1450 1548
1628 1547 1548
1694 1628 1629
1694 1695 1628
1628 1695 1688
1696 1694 1629
1747 1695 1694
1746 1740 1695
1341 1436 1326
1101 1225 1098
1631 1697 1696
957 958 1098
963 958 829
1100 963 962
961 1100 962
1101 1228 1225
960 1099 1100
959 960 1100
959 837 960
1099 1224 1226
1101 1100 1227
960 837 970
1344 1225 1346
957 1098 1095
1344 1346 1451
1098 1225 1222
1101 1227 1228
970 1106 1099
960 970 1099
837 836 970
1452 1549 1453
963 1098 958
962 963 829
1101 1098 963
1630 1550 1549
1630 1696 1629
1455 1454 1350
1459 1455 1352
1551 1454 1455
1553 1551 1459
1631 1630 1551
1697 1631 1632
1630 1549 1551
1553 1458 1552
1631 1553 1632
1631 1551 1553
970 836 969
968 969 836
834 968 835
1105 1104 968
1233 1224 1231
1224 1099 1106
1231 1224 1106
1345 1347 1226
967 968 834
967 834 833
967 833 966
1105 967 1103
1105 968 967
967 966 1103
1103 965 971
1230 1103 1107
1231 1230 1349
1105 1103 1230
1231 1105 1230
1350 1233 1349
1104 1105 1231
1106 1104 1231
1106 969 1104
968 836 835
1104 969 968
1106 970 969
966 965 1103
1102 1229 1107
1229 1234 1348
1232 1229 1348
1349 1232 1348
1349 1230 1232
1108 1234 1229
1102 1108 1229
1452 1454 1549
1345 1452 1347
1345 1350 1452
1226 1224 1345
1227 1226 1347
1227 1099 1226
1228 1227 1347
1346 1228 1347
1346 1225 1228
1100 961 959
1227 1100 1099
1101 963 1100
1350 1454 1452
1233 1350 1345
1224 1233 1345
1231 1349 1233
1349 1455 1350
1230 1107 1232
1348 1455 1349
1107 971 1102
1232 1107 1229
1103 971 1107
1348 1352 1455
1458 1456 1552
1632 1553 1552
1456 1358 1463
1459 1351 1458
1352 1357 1351
1459 1352 1351
1553 1459 1458
1551 1455 1459
987 1118 1117
853 856 973
988 1118 987
983 988 856
1114 1115 1239
983 1114 988
983 982 1114
